10	2	46	31	27	4.4687	1.4970975385864	1	1	2	1	5	9	0	2	14	21	3.04452243772342	2.63905732961526	0.693147180559945	-Inf
10	6	46	31	27	4.4687	1.4970975385864	1	2	1	2	9	3	0	0	25	11	2.39789527279837	3.2188758248682	-Inf	-Inf
10	5	46	31	27	4.4687	1.4970975385864	1	1	1	2	9	9	1	0	17	14	2.63905732961526	2.83321334405622	-Inf	0
10	1	46	31	27	4.4687	1.4970975385864	1	5	2	.	8	.	1	.	16	.	.	2.77258872223978	.	0
10	4	46	31	27	4.4687	1.4970975385864	1	1	1	1	9	9	0	0	20	17	2.83321334405622	2.99573227355399	-Inf	-Inf
10	3	46	31	27	4.4687	1.4970975385864	1	5	1	.	5	.	0	.	16	.	.	2.77258872223978	.	-Inf
11	2	52	31	27	4.5544	1.51609379865474	1	1	1	1	5	5	0	0	15	19	2.94443897916644	2.70805020110221	-Inf	-Inf
11	6	52	31	27	4.5544	1.51609379865474	1	1	1	1	8	8	0	0	21	24	3.17805383034795	3.04452243772342	-Inf	-Inf
11	5	52	31	27	4.5544	1.51609379865474	1	1	1	1	5	5	1	0	17	18	2.89037175789616	2.83321334405622	-Inf	0
11	1	52	31	27	4.5544	1.51609379865474	5	1	.	1	.	9	.	1	.	17	2.83321334405622	.	0	.
11	4	52	31	27	4.5544	1.51609379865474	1	5	1	.	4	.	0	.	17	.	.	2.83321334405622	.	-Inf
11	3	52	31	27	4.5544	1.51609379865474	1	1	1	2	5	4	1	0	19	12	2.484906649788	2.94443897916644	-Inf	0
12	2	39	21	17	4.6245	1.53136825701218	1	1	1	1	8	9	0	2	17	23	3.13549421592915	2.83321334405622	0.693147180559945	-Inf
12	6	39	21	17	4.6245	1.53136825701218	1	1	1	2	8	5	2	0	24	22	3.09104245335832	3.17805383034795	-Inf	0.693147180559945
12	5	39	21	17	4.6245	1.53136825701218	1	1	1	1	9	9	1	1	15	23	3.13549421592915	2.70805020110221	0	0
12	1	39	21	17	4.6245	1.53136825701218	5	5	.	.	.	.	.	.	.	.	.	.	.	.
12	4	39	21	17	4.6245	1.53136825701218	1	1	1	1	9	9	0	1	22	25	3.2188758248682	3.09104245335832	0	-Inf
12	3	39	21	17	4.6245	1.53136825701218	1	1	2	1	9	9	1	0	16	22	3.09104245335832	2.77258872223978	-Inf	0
13	2	41	28	24	4.7839	1.56525611341983	1	5	1	.	5	.	0	.	16	.	.	2.77258872223978	.	-Inf
13	6	41	28	24	4.7839	1.56525611341983	5	5	.	.	.	.	.	.	.	.	.	.	.	.
13	5	41	28	24	4.7839	1.56525611341983	1	5	1	.	3	.	0	.	11	.	.	2.39789527279837	.	-Inf
13	1	41	28	24	4.7839	1.56525611341983	1	1	1	1	2	5	0	0	12	16	2.77258872223978	2.484906649788	-Inf	-Inf
13	4	41	28	24	4.7839	1.56525611341983	5	1	.	1	.	4	.	0	.	13	2.56494935746154	.	-Inf	.
13	3	41	28	24	4.7839	1.56525611341983	1	5	1	.	4	.	0	.	13	.	.	2.56494935746154	.	-Inf
14	2	30	31	22	4.9579	1.60098226398644	1	1	1	1	5	5	3	3	24	25	3.2188758248682	3.17805383034795	1.09861228866811	1.09861228866811
14	6	30	31	22	4.9579	1.60098226398644	1	1	1	1	5	4	0	1	22	16	2.77258872223978	3.09104245335832	0	-Inf
14	5	30	31	22	4.9579	1.60098226398644	1	1	1	1	9	5	3	3	25	21	3.04452243772342	3.2188758248682	1.09861228866811	1.09861228866811
14	1	30	31	22	4.9579	1.60098226398644	1	1	1	1	5	3	0	0	22	16	2.77258872223978	3.09104245335832	-Inf	-Inf
14	4	30	31	22	4.9579	1.60098226398644	1	1	1	1	9	9	1	1	19	23	3.13549421592915	2.94443897916644	0	0
14	3	30	31	22	4.9579	1.60098226398644	1	1	2	1	3	4	1	1	25	21	3.04452243772342	3.2188758248682	0	0
15	2	27	26	22	5.0284	1.61510184205854	1	2	1	1	5	1	0	0	16	15	2.70805020110221	2.77258872223978	-Inf	-Inf
15	6	27	26	22	5.0284	1.61510184205854	5	5	.	.	.	.	.	.	.	.	.	.	.	.
15	5	27	26	22	5.0284	1.61510184205854	1	5	2	.	9	.	0	.	21	.	.	3.04452243772342	.	-Inf
15	1	27	26	22	5.0284	1.61510184205854	5	5	.	.	.	.	.	.	.	.	.	.	.	.
15	4	27	26	22	5.0284	1.61510184205854	1	1	1	1	5	2	0	1	15	14	2.63905732961526	2.70805020110221	0	-Inf
15	3	27	26	22	5.0284	1.61510184205854	1	1	1	1	9	1	0	0	18	15	2.70805020110221	2.89037175789616	-Inf	-Inf
16	2	38	23	18	4.7231	1.55246536367311	1	1	2	1	3	4	1	2	12	21	3.04452243772342	2.484906649788	0.693147180559945	0
16	6	38	23	18	4.7231	1.55246536367311	1	1	1	1	4	5	0	1	21	20	2.99573227355399	3.04452243772342	0	-Inf
16	5	38	23	18	4.7231	1.55246536367311	3	1	2	1	5	5	0	0	18	20	2.99573227355399	2.89037175789616	-Inf	-Inf
16	1	38	23	18	4.7231	1.55246536367311	1	5	1	.	5	.	0	.	23	.	.	3.13549421592915	.	-Inf
16	4	38	23	18	4.7231	1.55246536367311	1	1	1	2	4	4	0	2	14	16	2.77258872223978	2.63905732961526	0.693147180559945	-Inf
16	3	38	23	18	4.7231	1.55246536367311	1	1	2	1	5	5	0	1	22	22	3.09104245335832	3.09104245335832	0	-Inf
17	2	45	29	25	4.7257	1.553015698121	1	1	1	2	8	4	0	2	21	14	2.63905732961526	3.04452243772342	0.693147180559945	-Inf
17	6	45	29	25	4.7257	1.553015698121	1	1	1	2	2	3	0	0	10	12	2.484906649788	2.30258509299405	-Inf	-Inf
17	5	45	29	25	4.7257	1.553015698121	1	5	1	.	3	.	0	.	13	.	.	2.56494935746154	.	-Inf
17	1	45	29	25	4.7257	1.553015698121	5	1	.	2	.	4	.	0	.	14	2.63905732961526	.	-Inf	.
17	4	45	29	25	4.7257	1.553015698121	5	1	.	1	.	3	.	0	.	9	2.19722457733622	.	-Inf	.
17	3	45	29	25	4.7257	1.553015698121	1	1	1	1	3	5	0	0	14	19	2.94443897916644	2.63905732961526	-Inf	-Inf
18	2	77	37	31	4.9	1.58923520511658	1	1	2	1	2	3	0	1	19	24	3.17805383034795	2.94443897916644	0	-Inf
18	6	77	37	31	4.9	1.58923520511658	1	3	1	1	1	3	0	0	24	20	2.99573227355399	3.17805383034795	-Inf	-Inf
18	5	77	37	31	4.9	1.58923520511658	1	1	1	1	2	1	0	0	17	20	2.99573227355399	2.83321334405622	-Inf	-Inf
18	1	77	37	31	4.9	1.58923520511658	1	3	1	1	3	1	0	1	19	22	3.09104245335832	2.94443897916644	0	-Inf
18	4	77	37	31	4.9	1.58923520511658	1	1	2	2	2	1	1	1	15	17	2.83321334405622	2.70805020110221	0	0
18	3	77	37	31	4.9	1.58923520511658	1	3	2	1	4	4	1	0	18	19	2.94443897916644	2.89037175789616	-Inf	0
19	2	62	33	25	4.1024	1.41157216830416	1	5	2	.	3	.	1	.	13	.	.	2.56494935746154	.	0
19	6	62	33	25	4.1024	1.41157216830416	1	1	1	1	9	4	0	1	22	17	2.83321334405622	3.09104245335832	0	-Inf
19	5	62	33	25	4.1024	1.41157216830416	1	1	1	1	9	4	1	0	19	11	2.39789527279837	2.94443897916644	-Inf	0
19	1	62	33	25	4.1024	1.41157216830416	5	5	.	.	.	.	.	.	.	.	.	.	.	.
19	4	62	33	25	4.1024	1.41157216830416	1	1	1	1	4	8	1	1	15	23	3.13549421592915	2.70805020110221	0	0
19	3	62	33	25	4.1024	1.41157216830416	1	1	1	2	5	5	1	1	23	14	2.63905732961526	3.13549421592915	0	0
20	2	55	41	29	4.7065	1.54894453200514	1	1	2	2	8	8	0	2	20	21	3.04452243772342	2.99573227355399	0.693147180559945	-Inf
20	6	55	41	29	4.7065	1.54894453200514	1	1	1	2	8	8	0	0	21	16	2.77258872223978	3.04452243772342	-Inf	-Inf
20	5	55	41	29	4.7065	1.54894453200514	3	1	1	2	5	5	1	1	20	17	2.83321334405622	2.99573227355399	0	0
20	1	55	41	29	4.7065	1.54894453200514	3	5	2	.	4	.	2	.	17	.	.	2.83321334405622	.	0.693147180559945
20	4	55	41	29	4.7065	1.54894453200514	5	1	.	1	.	5	.	0	.	16	2.77258872223978	.	-Inf	.
20	3	55	41	29	4.7065	1.54894453200514	1	3	1	2	4	4	2	1	16	21	3.04452243772342	2.77258872223978	0	0.693147180559945
21	2	32	34	26	3.8493	1.34789131358695	1	1	1	1	3	3	0	1	15	16	2.77258872223978	2.70805020110221	0	-Inf
21	6	32	34	26	3.8493	1.34789131358695	1	5	1	.	2	.	1	.	13	.	.	2.56494935746154	.	0
21	5	32	34	26	3.8493	1.34789131358695	1	5	1	.	4	.	1	.	20	.	.	2.99573227355399	.	0
21	1	32	34	26	3.8493	1.34789131358695	5	5	.	.	.	.	.	.	.	.	.	.	.	.
21	4	32	34	26	3.8493	1.34789131358695	1	1	1	2	8	3	1	0	24	19	2.94443897916644	3.17805383034795	-Inf	0
21	3	32	34	26	3.8493	1.34789131358695	1	5	1	.	4	.	2	.	23	.	.	3.13549421592915	.	0.693147180559945
22	2	46	21	17	3.8684	1.35284098486067	1	3	1	2	2	3	0	1	14	12	2.484906649788	2.63905732961526	0	-Inf
22	6	46	21	17	3.8684	1.35284098486067	5	3	.	1	.	5	.	.	.	16	2.77258872223978	.	.	.
22	5	46	21	17	3.8684	1.35284098486067	2	5	1	.	5	.	0	.	14	.	.	2.63905732961526	.	-Inf
22	1	46	21	17	3.8684	1.35284098486067	5	3	.	2	.	3	.	0	.	11	2.39789527279837	.	-Inf	.
22	4	46	21	17	3.8684	1.35284098486067	1	1	1	2	3	4	0	0	13	12	2.484906649788	2.56494935746154	-Inf	-Inf
22	3	46	21	17	3.8684	1.35284098486067	1	1	2	2	2	4	.	0	12	13	2.56494935746154	2.484906649788	-Inf	.
23	2	33	17	13	4.8281	1.57445301553114	1	1	1	1	9	9	1	0	22	24	3.17805383034795	3.09104245335832	-Inf	0
23	6	33	17	13	4.8281	1.57445301553114	1	1	1	1	9	9	1	0	21	21	3.04452243772342	3.04452243772342	-Inf	0
23	5	33	17	13	4.8281	1.57445301553114	1	1	1	1	8	9	0	2	24	19	2.94443897916644	3.17805383034795	0.693147180559945	-Inf
23	1	33	17	13	4.8281	1.57445301553114	1	1	1	1	9	8	0	0	19	21	3.04452243772342	2.94443897916644	-Inf	-Inf
23	4	33	17	13	4.8281	1.57445301553114	1	1	1	1	9	9	0	0	17	23	3.13549421592915	2.83321334405622	-Inf	-Inf
23	3	33	17	13	4.8281	1.57445301553114	1	3	1	1	9	9	0	1	25	20	2.99573227355399	3.2188758248682	0	-Inf
24	2	30	26	21	4.9169	1.59267825061876	1	1	2	2	3	1	0	3	17	17	2.83321334405622	2.83321334405622	1.09861228866811	-Inf
24	6	30	26	21	4.9169	1.59267825061876	1	1	1	2	2	2	0	0	9	15	2.70805020110221	2.19722457733622	-Inf	-Inf
24	5	30	26	21	4.9169	1.59267825061876	1	1	2	1	4	4	0	2	19	19	2.94443897916644	2.94443897916644	0.693147180559945	-Inf
24	1	30	26	21	4.9169	1.59267825061876	1	1	1	2	4	2	0	1	18	11	2.39789527279837	2.89037175789616	0	-Inf
24	4	30	26	21	4.9169	1.59267825061876	1	2	2	2	2	1	0	0	7	12	2.484906649788	1.94591014905531	-Inf	-Inf
24	3	30	26	21	4.9169	1.59267825061876	3	1	1	2	1	3	0	0	6	14	2.63905732961526	1.79175946922806	-Inf	-Inf
25	2	49	37	33	3.9675	1.37813617341843	.	.	2	2	3	8	0	0	9	18	2.89037175789616	2.19722457733622	-Inf	-Inf
25	6	49	37	33	3.9675	1.37813617341843	.	.	1	1	5	8	0	0	20	24	3.17805383034795	2.99573227355399	-Inf	-Inf
25	5	49	37	33	3.9675	1.37813617341843	.	.	1	2	8	3	2	0	18	18	2.89037175789616	2.89037175789616	-Inf	0.693147180559945
25	1	49	37	33	3.9675	1.37813617341843	.	.	1	1	3	4	1	3	10	12	2.484906649788	2.30258509299405	1.09861228866811	0
25	4	49	37	33	3.9675	1.37813617341843	.	.	2	2	4	8	1	0	17	15	2.70805020110221	2.83321334405622	-Inf	0
25	3	49	37	33	3.9675	1.37813617341843	.	.	1	1	3	4	1	0	10	10	2.30258509299405	2.30258509299405	-Inf	0
26	2	31	27	22	4.3897	1.47926088762215	1	1	2	2	8	8	0	1	20	20	2.99573227355399	2.99573227355399	0	-Inf
26	6	31	27	22	4.3897	1.47926088762215	1	1	1	1	8	8	0	3	20	20	2.99573227355399	2.99573227355399	1.09861228866811	-Inf
26	5	31	27	22	4.3897	1.47926088762215	1	1	1	2	8	8	0	2	20	22	3.09104245335832	2.99573227355399	0.693147180559945	-Inf
26	1	31	27	22	4.3897	1.47926088762215	1	1	1	2	8	8	0	1	16	20	2.99573227355399	2.77258872223978	0	-Inf
26	4	31	27	22	4.3897	1.47926088762215	1	1	1	1	8	8	3	1	20	15	2.70805020110221	2.99573227355399	0	1.09861228866811
26	3	31	27	22	4.3897	1.47926088762215	1	1	1	1	8	8	1	2	20	18	2.89037175789616	2.99573227355399	0.693147180559945	0
27	2	30	40	36	4.2161	1.43891053012285	1	1	1	1	5	5	0	0	21	16	2.77258872223978	3.04452243772342	-Inf	-Inf
27	6	30	40	36	4.2161	1.43891053012285	5	1	.	2	.	5	.	0	.	18	2.89037175789616	.	-Inf	.
27	5	30	40	36	4.2161	1.43891053012285	1	1	1	1	5	5	0	0	25	17	2.83321334405622	3.2188758248682	-Inf	-Inf
27	1	30	40	36	4.2161	1.43891053012285	5	1	.	1	.	5	.	1	.	11	2.39789527279837	.	0	.
27	4	30	40	36	4.2161	1.43891053012285	3	1	2	2	5	4	0	0	18	15	2.70805020110221	2.89037175789616	-Inf	-Inf
27	3	30	40	36	4.2161	1.43891053012285	5	1	.	1	.	5	.	0	.	24	3.17805383034795	.	-Inf	.
29	2	75	35	31	4.8504	1.57906117577538	1	1	1	1	5	5	2	2	17	18	2.89037175789616	2.83321334405622	0.693147180559945	0.693147180559945
29	6	75	35	31	4.8504	1.57906117577538	1	1	1	1	8	8	0	0	18	20	2.99573227355399	2.89037175789616	-Inf	-Inf
29	5	75	35	31	4.8504	1.57906117577538	1	1	1	.	8	.	0	.	21	.	.	3.04452243772342	.	-Inf
29	1	75	35	31	4.8504	1.57906117577538	1	1	1	1	5	5	2	3	18	15	2.70805020110221	2.89037175789616	1.09861228866811	0.693147180559945
29	4	75	35	31	4.8504	1.57906117577538	1	1	1	1	8	5	1	4	15	12	2.484906649788	2.70805020110221	1.38629436111989	0
29	3	75	35	31	4.8504	1.57906117577538	1	1	1	1	9	4	3	3	16	9	2.19722457733622	2.77258872223978	1.09861228866811	1.09861228866811
30	2	53	20	16	4.4112	1.4841467612874	1	1	1	1	5	8	2	0	15	25	3.2188758248682	2.70805020110221	-Inf	0.693147180559945
30	6	53	20	16	4.4112	1.4841467612874	1	1	1	1	5	9	2	0	20	25	3.2188758248682	2.99573227355399	-Inf	0.693147180559945
30	5	53	20	16	4.4112	1.4841467612874	1	1	1	1	4	9	0	0	13	19	2.94443897916644	2.56494935746154	-Inf	-Inf
30	1	53	20	16	4.4112	1.4841467612874	1	1	1	1	5	5	2	0	21	21	3.04452243772342	3.04452243772342	-Inf	0.693147180559945
30	4	53	20	16	4.4112	1.4841467612874	1	1	1	1	5	4	0	0	17	17	2.83321334405622	2.83321334405622	-Inf	-Inf
30	3	53	20	16	4.4112	1.4841467612874	1	1	1	1	8	9	0	0	18	18	2.89037175789616	2.89037175789616	-Inf	-Inf
31	2	36	21	17	4.7757	1.56354056004706	1	1	1	1	5	4	5	3	22	21	3.04452243772342	3.09104245335832	1.09861228866811	1.6094379124341
31	6	36	21	17	4.7757	1.56354056004706	1	5	1	.	4	.	2	.	23	.	.	3.13549421592915	.	0.693147180559945
31	5	36	21	17	4.7757	1.56354056004706	1	1	1	2	4	4	2	0	23	16	2.77258872223978	3.13549421592915	-Inf	0.693147180559945
31	1	36	21	17	4.7757	1.56354056004706	3	1	1	1	4	4	2	3	21	25	3.2188758248682	3.04452243772342	1.09861228866811	0.693147180559945
31	4	36	21	17	4.7757	1.56354056004706	3	1	1	1	4	4	0	0	24	23	3.13549421592915	3.17805383034795	-Inf	-Inf
31	3	36	21	17	4.7757	1.56354056004706	1	1	1	1	4	5	1	1	23	21	3.04452243772342	3.13549421592915	0	0
32	2	45	36	32	4.5171	1.50787019501497	1	1	1	2	3	4	0	1	11	11	2.39789527279837	2.39789527279837	0	-Inf
32	6	45	36	32	4.5171	1.50787019501497	1	1	1	1	3	8	1	1	12	21	3.04452243772342	2.484906649788	0	0
32	5	45	36	32	4.5171	1.50787019501497	5	5	.	.	.	.	.	.	.	.	.	.	.	.
32	1	45	36	32	4.5171	1.50787019501497	1	3	2	1	5	5	0	1	14	13	2.56494935746154	2.63905732961526	0	-Inf
32	4	45	36	32	4.5171	1.50787019501497	5	1	.	1	.	5	.	0	.	19	2.94443897916644	.	-Inf	.
32	3	45	36	32	4.5171	1.50787019501497	1	1	2	1	5	1	1	0	10	11	2.39789527279837	2.30258509299405	-Inf	0
33	2	62	31	27	4.7854	1.56556961597744	5	1	.	2	.	5	.	3	.	18	2.89037175789616	.	1.09861228866811	.
33	6	62	31	27	4.7854	1.56556961597744	1	1	2	1	3	2	1	2	10	20	2.99573227355399	2.30258509299405	0.693147180559945	0
33	5	62	31	27	4.7854	1.56556961597744	1	1	1	2	8	2	2	2	14	10	2.30258509299405	2.63905732961526	0.693147180559945	0.693147180559945
33	1	62	31	27	4.7854	1.56556961597744	1	3	1	1	3	8	2	2	12	14	2.63905732961526	2.484906649788	0.693147180559945	0.693147180559945
33	4	62	31	27	4.7854	1.56556961597744	1	1	1	2	1	4	1	2	20	21	3.04452243772342	2.99573227355399	0.693147180559945	0
33	3	62	31	27	4.7854	1.56556961597744	1	1	1	1	8	1	0	1	24	15	2.70805020110221	3.17805383034795	0	-Inf
34	2	51	28	21	4.749	1.55793406956698	1	5	1	.	8	.	1	.	15	.	.	2.70805020110221	.	0
34	6	51	28	21	4.749	1.55793406956698	1	1	1	1	5	8	0	0	21	18	2.89037175789616	3.04452243772342	-Inf	-Inf
34	5	51	28	21	4.749	1.55793406956698	1	1	1	1	4	5	1	0	11	7	1.94591014905531	2.39789527279837	-Inf	0
34	1	51	28	21	4.749	1.55793406956698	1	2	1	.	5	.	0	.	10	.	.	2.30258509299405	.	-Inf
34	4	51	28	21	4.749	1.55793406956698	1	5	1	.	5	.	0	.	13	.	.	2.56494935746154	.	-Inf
34	3	51	28	21	4.749	1.55793406956698	1	1	1	1	3	5	1	1	7	9	2.19722457733622	1.94591014905531	0	0
35	2	41	27	22	4.4432	1.4913748375704	1	5	1	.	5	.	1	.	15	.	.	2.70805020110221	.	0
35	6	41	27	22	4.4432	1.4913748375704	1	1	1	1	5	5	0	0	19	16	2.77258872223978	2.94443897916644	-Inf	-Inf
35	5	41	27	22	4.4432	1.4913748375704	5	1	.	1	.	5	.	1	.	9	2.19722457733622	.	0	.
35	1	41	27	22	4.4432	1.4913748375704	1	1	1	1	5	3	3	1	17	10	2.30258509299405	2.83321334405622	0	1.09861228866811
35	4	41	27	22	4.4432	1.4913748375704	1	5	1	.	4	.	1	.	16	.	.	2.77258872223978	.	0
35	3	41	27	22	4.4432	1.4913748375704	1	5	1	.	5	.	0	.	17	.	.	2.83321334405622	.	-Inf
36	2	33	27	23	4.7897	1.56646777898129	1	1	1	1	3	5	2	1	16	17	2.83321334405622	2.77258872223978	0	0.693147180559945
36	6	33	27	23	4.7897	1.56646777898129	1	1	1	1	5	5	1	0	13	15	2.70805020110221	2.56494935746154	-Inf	0
36	5	33	27	23	4.7897	1.56646777898129	1	1	1	1	4	4	0	0	18	16	2.77258872223978	2.89037175789616	-Inf	-Inf
36	1	33	27	23	4.7897	1.56646777898129	1	1	2	1	5	2	2	0	14	11	2.39789527279837	2.63905732961526	-Inf	0.693147180559945
36	4	33	27	23	4.7897	1.56646777898129	2	1	1	1	4	4	0	0	16	16	2.77258872223978	2.77258872223978	-Inf	-Inf
36	3	33	27	23	4.7897	1.56646777898129	1	1	2	1	4	4	0	0	14	15	2.70805020110221	2.63905732961526	-Inf	-Inf
37	2	23	24	20	4.9999	1.6094179122341	1	1	2	1	4	9	0	1	17	21	3.04452243772342	2.83321334405622	0	-Inf
37	6	23	24	20	4.9999	1.6094179122341	1	5	1	.	8	.	0	.	24	.	.	3.17805383034795	.	-Inf
37	5	23	24	20	4.9999	1.6094179122341	3	5	1	.	4	.	1	.	22	.	.	3.09104245335832	.	0
37	1	23	24	20	4.9999	1.6094179122341	5	1	.	2	.	5	.	0	.	19	2.94443897916644	.	-Inf	.
37	4	23	24	20	4.9999	1.6094179122341	3	1	1	1	4	5	2	1	12	22	3.09104245335832	2.484906649788	0	0.693147180559945
37	3	23	24	20	4.9999	1.6094179122341	1	5	1	.	9	.	0	.	24	.	.	3.17805383034795	.	-Inf
38	2	33	28	24	4.8734	1.58379184545052	1	1	2	2	1	3	2	1	7	12	2.484906649788	1.94591014905531	0	0.693147180559945
38	6	33	28	24	4.8734	1.58379184545052	1	1	2	2	3	2	0	1	9	11	2.39789527279837	2.19722457733622	0	-Inf
38	5	33	28	24	4.8734	1.58379184545052	5	1	.	1	.	4	.	0	.	14	2.63905732961526	.	-Inf	.
38	1	33	28	24	4.8734	1.58379184545052	1	5	2	.	3	.	0	.	11	.	.	2.39789527279837	.	-Inf
38	4	33	28	24	4.8734	1.58379184545052	1	1	2	2	3	4	0	2	11	14	2.63905732961526	2.39789527279837	0.693147180559945	-Inf
38	3	33	28	24	4.8734	1.58379184545052	1	1	1	1	2	4	0	1	5	14	2.63905732961526	1.6094379124341	0	-Inf
39	2	48	32	28	4.6461	1.5360281580081	1	1	2	2	5	5	0	0	11	16	2.77258872223978	2.39789527279837	-Inf	-Inf
39	6	48	32	28	4.6461	1.5360281580081	5	1	.	2	.	2	.	0	.	21	3.04452243772342	.	-Inf	.
39	5	48	32	28	4.6461	1.5360281580081	1	1	2	1	2	2	0	1	16	19	2.94443897916644	2.77258872223978	0	-Inf
39	1	48	32	28	4.6461	1.5360281580081	1	1	2	2	2	4	0	0	12	13	2.56494935746154	2.484906649788	-Inf	-Inf
39	4	48	32	28	4.6461	1.5360281580081	1	1	1	1	2	1	0	1	11	20	2.99573227355399	2.39789527279837	0	-Inf
39	3	48	32	28	4.6461	1.5360281580081	1	1	2	.	3	.	0	.	12	.	.	2.484906649788	.	-Inf
40	2	50	33	25	3.9411	1.37145987216144	1	3	1	1	3	2	0	0	19	17	2.83321334405622	2.94443897916644	-Inf	-Inf
40	6	50	33	25	3.9411	1.37145987216144	5	3	.	2	.	8	.	0	.	20	2.99573227355399	.	-Inf	.
40	5	50	33	25	3.9411	1.37145987216144	5	5	.	.	.	.	.	.	.	.	.	.	.	.
40	1	50	33	25	3.9411	1.37145987216144	1	5	2	.	4	.	1	.	19	.	.	2.94443897916644	.	0
40	4	50	33	25	3.9411	1.37145987216144	1	1	1	1	5	2	0	1	13	16	2.77258872223978	2.56494935746154	0	-Inf
40	3	50	33	25	3.9411	1.37145987216144	1	3	1	1	2	5	1	2	13	17	2.83321334405622	2.56494935746154	0.693147180559945	0
41	2	37	24	20	4.4371	1.49000100989353	5	5	.	.	.	.	.	.	.	.	.	.	.	.
41	6	37	24	20	4.4371	1.49000100989353	1	5	1	.	5	.	0	.	13	.	.	2.56494935746154	.	-Inf
41	5	37	24	20	4.4371	1.49000100989353	1	1	1	1	5	5	1	0	16	15	2.70805020110221	2.77258872223978	-Inf	0
41	1	37	24	20	4.4371	1.49000100989353	5	1	.	1	.	5	.	1	.	15	2.70805020110221	.	0	.
41	4	37	24	20	4.4371	1.49000100989353	1	1	1	1	5	5	0	1	11	16	2.77258872223978	2.39789527279837	0	-Inf
41	3	37	24	20	4.4371	1.49000100989353	1	5	1	.	5	.	1	.	17	.	.	2.83321334405622	.	0
42	2	45	29	21	4.8328	1.57542600984239	.	.	2	1	3	8	2	1	8	20	2.99573227355399	2.07944154167984	0	0.693147180559945
42	6	45	29	21	4.8328	1.57542600984239	.	.	1	.	4	.	1	.	15	.	.	2.70805020110221	.	0
42	5	45	29	21	4.8328	1.57542600984239	.	.	2	2	5	8	1	3	13	21	3.04452243772342	2.56494935746154	1.09861228866811	0
42	1	45	29	21	4.8328	1.57542600984239	.	.	2	1	4	5	3	2	13	14	2.63905732961526	2.56494935746154	0.693147180559945	1.09861228866811
42	4	45	29	21	4.8328	1.57542600984239	.	.	1	1	3	8	0	1	20	21	3.04452243772342	2.99573227355399	0	-Inf
42	3	45	29	21	4.8328	1.57542600984239	.	.	1	1	4	5	3	1	14	15	2.70805020110221	2.63905732961526	0	1.09861228866811
43	2	74	38	34	4.5715	1.51984137862234	1	1	1	1	9	9	0	0	14	16	2.77258872223978	2.63905732961526	-Inf	-Inf
43	6	74	38	34	4.5715	1.51984137862234	1	1	1	1	9	8	0	0	20	23	3.13549421592915	2.99573227355399	-Inf	-Inf
43	5	74	38	34	4.5715	1.51984137862234	2	5	1	.	9	.	0	.	17	.	.	2.83321334405622	.	-Inf
43	1	74	38	34	4.5715	1.51984137862234	1	1	1	1	9	9	0	0	16	19	2.94443897916644	2.77258872223978	-Inf	-Inf
43	4	74	38	34	4.5715	1.51984137862234	1	1	1	1	9	9	0	1	23	19	2.94443897916644	3.13549421592915	0	-Inf
43	3	74	38	34	4.5715	1.51984137862234	1	1	1	1	9	8	1	0	25	25	3.2188758248682	3.2188758248682	-Inf	0
44	2	31	24	20	4.8131	1.57134136716726	1	5	2	.	3	.	0	.	10	.	.	2.30258509299405	.	-Inf
44	6	31	24	20	4.8131	1.57134136716726	5	1	.	2	.	3	.	0	.	10	2.30258509299405	.	-Inf	.
44	5	31	24	20	4.8131	1.57134136716726	5	1	.	2	.	3	.	0	.	13	2.56494935746154	.	-Inf	.
44	1	31	24	20	4.8131	1.57134136716726	1	1	2	2	5	3	1	1	16	9	2.19722457733622	2.77258872223978	0	0
44	4	31	24	20	4.8131	1.57134136716726	5	1	.	2	.	4	.	0	.	16	2.77258872223978	.	-Inf	.
44	3	31	24	20	4.8131	1.57134136716726	1	5	1	.	4	.	1	.	16	.	.	2.77258872223978	.	0
45	2	50	30	22	4.5749	1.5205848405651	1	3	1	1	5	3	0	1	18	17	2.83321334405622	2.89037175789616	0	-Inf
45	6	50	30	22	4.5749	1.5205848405651	1	1	1	1	4	5	0	0	16	25	3.2188758248682	2.77258872223978	-Inf	-Inf
45	5	50	30	22	4.5749	1.5205848405651	1	1	1	2	4	3	0	0	14	25	3.2188758248682	2.63905732961526	-Inf	-Inf
45	1	50	30	22	4.5749	1.5205848405651	1	1	1	1	4	5	0	0	13	21	3.04452243772342	2.56494935746154	-Inf	-Inf
45	4	50	30	22	4.5749	1.5205848405651	1	1	1	2	8	3	0	0	23	21	3.04452243772342	3.13549421592915	-Inf	-Inf
45	3	50	30	22	4.5749	1.5205848405651	1	1	1	1	3	5	1	0	12	25	3.2188758248682	2.484906649788	-Inf	0
46	2	47	34	30	4.6523	1.53736172096922	1	1	1	1	9	5	1	0	17	19	2.94443897916644	2.83321334405622	-Inf	0
46	6	47	34	30	4.6523	1.53736172096922	5	1	.	1	.	9	.	0	.	23	3.13549421592915	.	-Inf	.
46	5	47	34	30	4.6523	1.53736172096922	1	1	2	1	8	5	0	0	16	16	2.77258872223978	2.77258872223978	-Inf	-Inf
46	1	47	34	30	4.6523	1.53736172096922	1	1	1	1	9	5	0	1	15	21	3.04452243772342	2.70805020110221	0	-Inf
46	4	47	34	30	4.6523	1.53736172096922	1	1	1	2	9	4	0	1	20	11	2.39789527279837	2.99573227355399	0	-Inf
46	3	47	34	30	4.6523	1.53736172096922	1	1	2	1	5	5	0	0	16	22	3.09104245335832	2.77258872223978	-Inf	-Inf
47	2	37	26	18	5.0393	1.61726718354843	1	1	1	2	3	8	0	2	12	23	3.13549421592915	2.484906649788	0.693147180559945	-Inf
47	6	37	26	18	5.0393	1.61726718354843	5	5	.	.	.	.	.	.	.	.	.	.	.	.
47	5	37	26	18	5.0393	1.61726718354843	1	1	1	1	5	5	3	5	17	21	3.04452243772342	2.83321334405622	1.6094379124341	1.09861228866811
47	1	37	26	18	5.0393	1.61726718354843	1	3	1	1	8	5	0	0	14	16	2.77258872223978	2.63905732961526	-Inf	-Inf
47	4	37	26	18	5.0393	1.61726718354843	5	1	.	1	.	4	.	1	.	19	2.94443897916644	.	0	.
47	3	37	26	18	5.0393	1.61726718354843	1	1	1	1	8	5	3	0	20	16	2.77258872223978	2.99573227355399	-Inf	1.09861228866811
48	2	24	27	23	4.5182	1.50811368444098	1	1	1	1	5	4	1	0	15	13	2.56494935746154	2.70805020110221	-Inf	0
48	6	24	27	23	4.5182	1.50811368444098	1	1	2	1	4	3	0	0	9	11	2.39789527279837	2.19722457733622	-Inf	-Inf
48	5	24	27	23	4.5182	1.50811368444098	5	5	.	.	.	.	.	.	.	.	.	.	.	.
48	1	24	27	23	4.5182	1.50811368444098	1	1	1	1	4	2	3	0	23	8	2.07944154167984	3.13549421592915	-Inf	1.09861228866811
48	4	24	27	23	4.5182	1.50811368444098	1	1	1	1	5	4	0	3	21	17	2.83321334405622	3.04452243772342	1.09861228866811	-Inf
48	3	24	27	23	4.5182	1.50811368444098	5	1	.	1	.	8	.	2	.	20	2.99573227355399	.	0.693147180559945	.
49	2	51	28	17	4.9026	1.58976567663658	1	1	2	1	8	8	0	1	13	21	3.04452243772342	2.56494935746154	0	-Inf
49	6	51	28	17	4.9026	1.58976567663658	1	1	2	2	3	5	.	0	11	25	3.2188758248682	2.39789527279837	-Inf	.
49	5	51	28	17	4.9026	1.58976567663658	2	5	1	.	9	.	0	.	21	.	.	3.04452243772342	.	-Inf
49	1	51	28	17	4.9026	1.58976567663658	5	1	.	1	.	3	.	1	.	17	2.83321334405622	.	0	.
49	4	51	28	17	4.9026	1.58976567663658	1	1	1	2	4	4	1	0	17	16	2.77258872223978	2.83321334405622	-Inf	0
49	3	51	28	17	4.9026	1.58976567663658	1	1	2	1	4	5	0	0	13	16	2.77258872223978	2.56494935746154	-Inf	-Inf
50	2	35	29	25	4.1205	1.4159745152213	3	1	2	1	4	4	0	1	12	15	2.70805020110221	2.484906649788	0	-Inf
50	6	35	29	25	4.1205	1.4159745152213	1	1	1	1	4	3	0	0	13	8	2.07944154167984	2.56494935746154	-Inf	-Inf
50	5	35	29	25	4.1205	1.4159745152213	1	1	1	1	5	4	2	3	17	12	2.484906649788	2.83321334405622	1.09861228866811	0.693147180559945
50	1	35	29	25	4.1205	1.4159745152213	1	3	1	1	5	4	0	0	15	14	2.63905732961526	2.70805020110221	-Inf	-Inf
50	4	35	29	25	4.1205	1.4159745152213	1	1	2	1	4	4	0	0	13	14	2.63905732961526	2.56494935746154	-Inf	-Inf
50	3	35	29	25	4.1205	1.4159745152213	1	1	1	1	4	4	1	2	19	18	2.89037175789616	2.94443897916644	0.693147180559945	0
51	2	23	19	15	4.5903	1.52394538141374	1	1	1	1	3	5	1	1	9	14	2.63905732961526	2.19722457733622	0	0
51	6	23	19	15	4.5903	1.52394538141374	1	1	2	1	5	5	1	0	12	13	2.56494935746154	2.484906649788	-Inf	0
51	5	23	19	15	4.5903	1.52394538141374	1	1	1	2	5	3	2	0	12	8	2.07944154167984	2.484906649788	-Inf	0.693147180559945
51	1	23	19	15	4.5903	1.52394538141374	1	5	2	.	5	.	2	.	14	.	.	2.63905732961526	.	0.693147180559945
51	4	23	19	15	4.5903	1.52394538141374	5	1	.	2	.	3	.	1	.	10	2.30258509299405	.	0	.
51	3	23	19	15	4.5903	1.52394538141374	1	1	1	1	5	4	2	0	12	11	2.39789527279837	2.484906649788	-Inf	0.693147180559945
52	2	57	32	28	4.6732	1.54184406186086	1	1	1	1	5	5	0	3	17	14	2.63905732961526	2.83321334405622	1.09861228866811	-Inf
52	6	57	32	28	4.6732	1.54184406186086	5	1	.	2	.	4	.	1	.	9	2.19722457733622	.	0	.
52	5	57	32	28	4.6732	1.54184406186086	3	1	1	1	4	5	0	0	14	21	3.04452243772342	2.63905732961526	-Inf	-Inf
52	1	57	32	28	4.6732	1.54184406186086	1	1	1	1	4	4	0	0	13	9	2.19722457733622	2.56494935746154	-Inf	-Inf
52	4	57	32	28	4.6732	1.54184406186086	1	1	1	2	5	5	0	0	15	15	2.70805020110221	2.70805020110221	-Inf	-Inf
52	3	57	32	28	4.6732	1.54184406186086	5	1	.	1	.	8	.	0	.	25	3.2188758248682	.	-Inf	.
53	2	63	43	34	3.8963	1.36002738486917	1	1	1	1	5	8	1	3	12	22	3.09104245335832	2.484906649788	1.09861228866811	0
53	6	63	43	34	3.8963	1.36002738486917	1	1	1	1	5	9	0	1	15	22	3.09104245335832	2.70805020110221	0	-Inf
53	5	63	43	34	3.8963	1.36002738486917	1	1	1	1	5	8	1	2	18	24	3.17805383034795	2.89037175789616	0.693147180559945	0
53	1	63	43	34	3.8963	1.36002738486917	5	3	.	2	.	9	.	3	.	17	2.83321334405622	.	1.09861228866811	.
53	4	63	43	34	3.8963	1.36002738486917	1	1	1	1	4	4	0	1	15	16	2.77258872223978	2.70805020110221	0	-Inf
53	3	63	43	34	3.8963	1.36002738486917	1	1	1	1	5	8	0	3	21	17	2.83321334405622	3.04452243772342	1.09861228866811	-Inf
54	2	30	22	18	4.8059	1.56984432977362	3	1	1	1	5	5	0	0	18	12	2.484906649788	2.89037175789616	-Inf	-Inf
54	6	30	22	18	4.8059	1.56984432977362	1	5	2	.	3	.	0	.	11	.	.	2.39789527279837	.	-Inf
54	5	30	22	18	4.8059	1.56984432977362	1	5	1	.	8	.	2	.	22	.	.	3.09104245335832	.	0.693147180559945
54	1	30	22	18	4.8059	1.56984432977362	5	1	.	1	.	8	.	0	.	21	3.04452243772342	.	-Inf	.
54	4	30	22	18	4.8059	1.56984432977362	2	3	1	2	4	3	0	0	15	10	2.30258509299405	2.70805020110221	-Inf	-Inf
54	3	30	22	18	4.8059	1.56984432977362	1	3	1	1	5	5	1	0	18	17	2.83321334405622	2.89037175789616	-Inf	0
55	2	66	36	31	4.7021	1.54800921743745	.	1	1	1	9	2	1	3	22	20	2.99573227355399	3.09104245335832	1.09861228866811	0
55	6	66	36	31	4.7021	1.54800921743745	.	.	2	2	5	5	1	1	19	14	2.63905732961526	2.94443897916644	0	0
55	5	66	36	31	4.7021	1.54800921743745	.	1	2	1	3	8	1	0	14	22	3.09104245335832	2.63905732961526	-Inf	0
55	1	66	36	31	4.7021	1.54800921743745	.	1	1	2	3	3	1	1	18	18	2.89037175789616	2.89037175789616	0	0
55	4	66	36	31	4.7021	1.54800921743745	.	1	1	2	5	8	1	0	22	10	2.30258509299405	3.09104245335832	-Inf	0
55	3	66	36	31	4.7021	1.54800921743745	.	1	1	1	8	5	1	2	25	19	2.94443897916644	3.2188758248682	0.693147180559945	0
56	2	30	23	19	3.9807	1.38145768322836	1	1	1	1	5	8	0	0	19	18	2.89037175789616	2.94443897916644	-Inf	-Inf
56	6	30	23	19	3.9807	1.38145768322836	1	4	1	1	4	8	0	0	13	18	2.89037175789616	2.56494935746154	-Inf	-Inf
56	5	30	23	19	3.9807	1.38145768322836	1	1	2	1	8	2	1	0	18	10	2.30258509299405	2.89037175789616	-Inf	0
56	1	30	23	19	3.9807	1.38145768322836	1	1	1	1	5	2	1	0	21	8	2.07944154167984	3.04452243772342	-Inf	0
56	4	30	23	19	3.9807	1.38145768322836	1	1	1	1	3	8	0	0	10	7	1.94591014905531	2.30258509299405	-Inf	-Inf
56	3	30	23	19	3.9807	1.38145768322836	1	1	1	1	5	4	2	1	20	16	2.77258872223978	2.99573227355399	0	0.693147180559945
57	2	22	21	17	4.7766	1.56372899634045	1	1	1	2	4	5	2	3	9	13	2.56494935746154	2.19722457733622	1.09861228866811	0.693147180559945
57	6	22	21	17	4.7766	1.56372899634045	1	5	1	.	5	.	0	.	19	.	.	2.94443897916644	.	-Inf
57	5	22	21	17	4.7766	1.56372899634045	1	1	2	1	4	5	1	0	16	13	2.56494935746154	2.77258872223978	-Inf	0
57	1	22	21	17	4.7766	1.56372899634045	1	5	1	.	5	.	1	.	18	.	.	2.89037175789616	.	0
57	4	22	21	17	4.7766	1.56372899634045	2	1	1	1	4	3	2	3	15	14	2.63905732961526	2.70805020110221	1.09861228866811	0.693147180559945
57	3	22	21	17	4.7766	1.56372899634045	5	5	.	.	.	.	.	.	.	.	.	.	.	.
58	2	31	26	17	4.6928	1.54602941924105	1	1	2	1	3	5	1	1	10	22	3.09104245335832	2.30258509299405	0	0
58	6	31	26	17	4.6928	1.54602941924105	1	1	1	1	4	8	3	0	25	18	2.89037175789616	3.2188758248682	-Inf	1.09861228866811
58	5	31	26	17	4.6928	1.54602941924105	1	3	1	1	4	5	2	0	19	22	3.09104245335832	2.94443897916644	-Inf	0.693147180559945
58	1	31	26	17	4.6928	1.54602941924105	1	1	1	1	9	4	1	4	23	19	2.94443897916644	3.13549421592915	1.38629436111989	0
58	4	31	26	17	4.6928	1.54602941924105	1	1	1	2	3	3	1	1	13	14	2.63905732961526	2.56494935746154	0	0
58	3	31	26	17	4.6928	1.54602941924105	1	1	1	1	9	3	0	0	21	20	2.99573227355399	3.04452243772342	-Inf	-Inf
59	2	44	32	28	5.0209	1.61360920050291	1	3	1	1	8	4	0	2	21	15	2.70805020110221	3.04452243772342	0.693147180559945	-Inf
59	6	44	32	28	5.0209	1.61360920050291	1	1	1	1	4	5	0	1	15	14	2.63905732961526	2.70805020110221	0	-Inf
59	5	44	32	28	5.0209	1.61360920050291	1	5	1	.	4	.	0	.	16	.	.	2.77258872223978	.	-Inf
59	1	44	32	28	5.0209	1.61360920050291	5	5	.	.	.	.	.	.	.	.	.	.	.	.
59	4	44	32	28	5.0209	1.61360920050291	1	1	2	1	5	5	1	0	15	22	3.09104245335832	2.70805020110221	-Inf	0
59	3	44	32	28	5.0209	1.61360920050291	1	1	1	1	8	9	1	2	22	18	2.89037175789616	3.09104245335832	0.693147180559945	0
60	2	29	23	19	4.9834	1.60611238900552	1	1	1	1	4	3	1	0	14	11	2.39789527279837	2.63905732961526	-Inf	0
60	6	29	23	19	4.9834	1.60611238900552	5	1	.	1	.	3	.	0	.	10	2.30258509299405	.	-Inf	.
60	5	29	23	19	4.9834	1.60611238900552	5	1	.	1	.	5	.	1	.	15	2.70805020110221	.	0	.
60	1	29	23	19	4.9834	1.60611238900552	1	5	1	.	5	.	0	.	21	.	.	3.04452243772342	.	-Inf
60	4	29	23	19	4.9834	1.60611238900552	1	1	1	1	4	3	2	1	22	17	2.83321334405622	3.09104245335832	0	0.693147180559945
60	3	29	23	19	4.9834	1.60611238900552	1	5	1	.	5	.	1	.	19	.	.	2.94443897916644	.	0
61	2	74	46	30	4.8011	1.56884505832584	1	1	1	1	4	5	2	2	15	22	3.09104245335832	2.70805020110221	0.693147180559945	0.693147180559945
61	6	74	46	30	4.8011	1.56884505832584	5	3	.	2	.	2	.	1	.	23	3.13549421592915	.	0	.
61	5	74	46	30	4.8011	1.56884505832584	1	1	1	2	5	5	1	1	22	11	2.39789527279837	3.09104245335832	0	0
61	1	74	46	30	4.8011	1.56884505832584	1	1	1	1	9	8	2	1	18	19	2.94443897916644	2.89037175789616	0	0.693147180559945
61	4	74	46	30	4.8011	1.56884505832584	1	1	1	1	3	4	1	1	11	17	2.83321334405622	2.39789527279837	0	0
61	3	74	46	30	4.8011	1.56884505832584	1	1	2	2	3	3	1	.	10	18	2.89037175789616	2.30258509299405	.	0
62	2	50	23	19	4.9916	1.60775649965156	1	5	2	.	3	.	0	.	21	.	.	3.04452243772342	.	-Inf
62	6	50	23	19	4.9916	1.60775649965156	1	3	1	2	9	5	0	0	20	16	2.77258872223978	2.99573227355399	-Inf	-Inf
62	5	50	23	19	4.9916	1.60775649965156	5	1	.	1	.	8	.	0	.	18	2.89037175789616	.	-Inf	.
62	1	50	23	19	4.9916	1.60775649965156	1	1	2	1	9	9	0	1	22	22	3.09104245335832	3.09104245335832	0	-Inf
62	4	50	23	19	4.9916	1.60775649965156	1	1	2	1	9	5	0	0	20	14	2.63905732961526	2.99573227355399	-Inf	-Inf
62	3	50	23	19	4.9916	1.60775649965156	1	3	2	1	9	5	1	0	22	16	2.77258872223978	3.09104245335832	-Inf	0
63	2	67	30	26	5.0103	1.61149579354354	1	1	1	1	4	4	0	0	15	20	2.99573227355399	2.70805020110221	-Inf	-Inf
63	6	67	30	26	5.0103	1.61149579354354	1	5	2	.	4	.	1	.	13	.	.	2.56494935746154	.	0
63	5	67	30	26	5.0103	1.61149579354354	5	5	.	.	.	.	.	.	.	.	.	.	.	.
63	1	67	30	26	5.0103	1.61149579354354	1	1	1	1	3	5	1	1	13	14	2.63905732961526	2.56494935746154	0	0
63	4	67	30	26	5.0103	1.61149579354354	1	1	1	1	4	5	0	2	19	21	3.04452243772342	2.94443897916644	0.693147180559945	-Inf
63	3	67	30	26	5.0103	1.61149579354354	1	1	1	1	5	4	0	4	22	15	2.70805020110221	3.09104245335832	1.38629436111989	-Inf
64	2	42	38	32	4.8847	1.58610787112172	3	5	1	.	5	.	1	.	25	.	.	3.2188758248682	.	0
64	6	42	38	32	4.8847	1.58610787112172	1	1	2	2	5	5	0	0	18	19	2.94443897916644	2.89037175789616	-Inf	-Inf
64	5	42	38	32	4.8847	1.58610787112172	2	1	.	2	.	5	.	0	.	18	2.89037175789616	.	-Inf	.
64	1	42	38	32	4.8847	1.58610787112172	1	3	1	1	8	8	0	1	25	20	2.99573227355399	3.2188758248682	0	-Inf
64	4	42	38	32	4.8847	1.58610787112172	3	1	1	1	5	5	4	2	23	21	3.04452243772342	3.13549421592915	0.693147180559945	1.38629436111989
64	3	42	38	32	4.8847	1.58610787112172	1	1	1	1	5	5	1	0	25	21	3.04452243772342	3.2188758248682	-Inf	0
65	2	61	28	21	4.7503	1.55820777394691	1	1	1	1	5	5	2	3	23	17	2.83321334405622	3.13549421592915	1.09861228866811	0.693147180559945
65	6	61	28	21	4.7503	1.55820777394691	3	5	1	.	3	.	0	.	11	.	.	2.39789527279837	.	-Inf
65	5	61	28	21	4.7503	1.55820777394691	1	1	1	1	5	5	2	1	21	19	2.94443897916644	3.04452243772342	0	0.693147180559945
65	1	61	28	21	4.7503	1.55820777394691	1	3	1	1	5	5	1	0	16	18	2.89037175789616	2.77258872223978	-Inf	0
65	4	61	28	21	4.7503	1.55820777394691	1	1	2	2	5	8	1	3	20	24	3.17805383034795	2.99573227355399	1.09861228866811	0
65	3	61	28	21	4.7503	1.55820777394691	1	3	1	1	5	5	0	1	19	16	2.77258872223978	2.94443897916644	0	-Inf
66	2	43	27	19	4.9866	1.6067543148049	1	5	1	.	8	.	0	.	23	.	.	3.13549421592915	.	-Inf
66	6	43	27	19	4.9866	1.6067543148049	5	5	.	.	.	.	.	.	.	.	.	.	.	.
66	5	43	27	19	4.9866	1.6067543148049	1	1	1	1	8	5	1	1	23	17	2.83321334405622	3.13549421592915	0	0
66	1	43	27	19	4.9866	1.6067543148049	1	1	1	1	4	5	0	1	11	22	3.09104245335832	2.39789527279837	0	-Inf
66	4	43	27	19	4.9866	1.6067543148049	5	1	.	2	.	3	.	1	.	21	3.04452243772342	.	0	.
66	3	43	27	19	4.9866	1.6067543148049	1	1	1	1	5	5	1	.	21	20	2.99573227355399	3.04452243772342	.	0
67	2	73	35	23	5.0594	1.62124789919346	1	5	2	.	4	.	3	.	12	.	.	2.484906649788	.	1.09861228866811
67	6	73	35	23	5.0594	1.62124789919346	1	1	1	2	4	4	0	2	13	14	2.63905732961526	2.56494935746154	0.693147180559945	-Inf
67	5	73	35	23	5.0594	1.62124789919346	1	5	1	.	8	.	1	.	13	.	.	2.56494935746154	.	0
67	1	73	35	23	5.0594	1.62124789919346	1	1	2	2	5	5	2	2	19	12	2.484906649788	2.94443897916644	0.693147180559945	0.693147180559945
67	4	73	35	23	5.0594	1.62124789919346	5	1	.	1	.	8	.	2	.	18	2.89037175789616	.	0.693147180559945	.
67	3	73	35	23	5.0594	1.62124789919346	1	1	1	1	3	8	2	1	12	22	3.09104245335832	2.484906649788	0	0.693147180559945
68	2	49	29	25	4.5448	1.51398372226078	1	1	1	2	5	3	0	0	24	19	2.94443897916644	3.17805383034795	-Inf	-Inf
68	6	49	29	25	4.5448	1.51398372226078	3	1	1	1	5	9	0	0	23	13	2.56494935746154	3.13549421592915	-Inf	-Inf
68	5	49	29	25	4.5448	1.51398372226078	5	3	.	1	.	5	.	2	.	21	3.04452243772342	.	0.693147180559945	.
68	1	49	29	25	4.5448	1.51398372226078	2	5	2	.	4	.	0	.	17	.	.	2.83321334405622	.	-Inf
68	4	49	29	25	4.5448	1.51398372226078	1	1	1	1	5	9	0	2	19	25	3.2188758248682	2.94443897916644	0.693147180559945	-Inf
68	3	49	29	25	4.5448	1.51398372226078	1	1	1	2	9	5	1	0	25	15	2.70805020110221	3.2188758248682	-Inf	0
69	2	24	30	18	4.6276	1.5320383751726	1	1	1	1	5	5	0	0	23	17	2.83321334405622	3.13549421592915	-Inf	-Inf
69	6	24	30	18	4.6276	1.5320383751726	1	1	1	1	4	5	0	0	17	16	2.77258872223978	2.83321334405622	-Inf	-Inf
69	5	24	30	18	4.6276	1.5320383751726	5	1	.	1	.	2	.	0	.	13	2.56494935746154	.	-Inf	.
69	1	24	30	18	4.6276	1.5320383751726	1	1	1	2	5	4	0	0	25	20	2.99573227355399	3.2188758248682	-Inf	-Inf
69	4	24	30	18	4.6276	1.5320383751726	1	1	1	1	2	1	0	0	13	19	2.94443897916644	2.56494935746154	-Inf	-Inf
69	3	24	30	18	4.6276	1.5320383751726	1	1	1	1	8	2	0	0	16	15	2.70805020110221	2.77258872223978	-Inf	-Inf
70	2	56	29	22	4.9825	1.60593177310481	1	1	1	1	5	4	0	2	18	16	2.77258872223978	2.89037175789616	0.693147180559945	-Inf
70	6	56	29	22	4.9825	1.60593177310481	5	5	.	.	.	.	.	.	.	.	.	.	.	.
70	5	56	29	22	4.9825	1.60593177310481	3	1	1	2	4	5	2	2	13	18	2.89037175789616	2.56494935746154	0.693147180559945	0.693147180559945
70	1	56	29	22	4.9825	1.60593177310481	1	1	1	1	5	5	3	2	19	14	2.63905732961526	2.94443897916644	0.693147180559945	1.09861228866811
70	4	56	29	22	4.9825	1.60593177310481	1	5	2	.	5	.	1	.	18	.	.	2.89037175789616	.	0
70	3	56	29	22	4.9825	1.60593177310481	1	3	1	1	5	5	2	0	16	18	2.89037175789616	2.77258872223978	-Inf	0.693147180559945
71	2	42	45	31	4.8121	1.57113357927639	1	1	1	2	1	3	1	2	8	15	2.70805020110221	2.07944154167984	0.693147180559945	0
71	6	42	45	31	4.8121	1.57113357927639	1	5	1	.	1	.	0	.	11	.	.	2.39789527279837	.	-Inf
71	5	42	45	31	4.8121	1.57113357927639	1	5	1	.	3	.	1	.	10	.	.	2.30258509299405	.	0
71	1	42	45	31	4.8121	1.57113357927639	2	1	1	1	3	1	0	0	12	10	2.30258509299405	2.484906649788	-Inf	-Inf
71	4	42	45	31	4.8121	1.57113357927639	1	1	2	1	4	5	1	4	12	22	3.09104245335832	2.484906649788	1.38629436111989	0
71	3	42	45	31	4.8121	1.57113357927639	1	1	1	1	3	3	1	3	9	17	2.83321334405622	2.19722457733622	1.09861228866811	0
72	2	39	32	28	4.8965	1.58852066417871	1	1	1	1	1	1	1	1	18	25	3.2188758248682	2.89037175789616	0	0
72	6	39	32	28	4.8965	1.58852066417871	1	3	2	1	3	4	0	1	21	24	3.17805383034795	3.04452243772342	0	-Inf
72	5	39	32	28	4.8965	1.58852066417871	1	1	2	1	3	1	0	0	21	21	3.04452243772342	3.04452243772342	-Inf	-Inf
72	1	39	32	28	4.8965	1.58852066417871	1	1	2	1	1	1	0	2	6	9	2.19722457733622	1.79175946922806	0.693147180559945	-Inf
72	4	39	32	28	4.8965	1.58852066417871	1	1	2	1	3	4	0	2	8	9	2.19722457733622	2.07944154167984	0.693147180559945	-Inf
72	3	39	32	28	4.8965	1.58852066417871	1	1	2	1	1	3	1	0	19	22	3.09104245335832	2.94443897916644	-Inf	0
73	2	50	27	23	4.7949	1.56755285306058	1	1	1	1	4	5	1	1	12	13	2.56494935746154	2.484906649788	0	0
73	6	50	27	23	4.7949	1.56755285306058	3	1	1	1	8	9	0	0	20	18	2.89037175789616	2.99573227355399	-Inf	-Inf
73	5	50	27	23	4.7949	1.56755285306058	2	2	1	1	4	5	1	0	12	19	2.94443897916644	2.484906649788	-Inf	0
73	1	50	27	23	4.7949	1.56755285306058	1	2	1	1	5	3	1	2	18	9	2.19722457733622	2.89037175789616	0.693147180559945	0
73	4	50	27	23	4.7949	1.56755285306058	1	1	1	1	3	4	0	0	13	17	2.83321334405622	2.56494935746154	-Inf	-Inf
73	3	50	27	23	4.7949	1.56755285306058	1	1	1	1	9	8	1	3	23	20	2.99573227355399	3.13549421592915	1.09861228866811	0
74	2	20	19	15	4.5816	1.52204828209751	1	1	1	1	8	8	0	1	15	22	3.09104245335832	2.70805020110221	0	-Inf
74	6	20	19	15	4.5816	1.52204828209751	1	1	1	2	9	3	0	0	22	15	2.70805020110221	3.09104245335832	-Inf	-Inf
74	5	20	19	15	4.5816	1.52204828209751	1	1	2	2	4	3	0	0	16	7	1.94591014905531	2.77258872223978	-Inf	-Inf
74	1	20	19	15	4.5816	1.52204828209751	1	1	2	1	8	4	1	0	19	11	2.39789527279837	2.94443897916644	-Inf	0
74	4	20	19	15	4.5816	1.52204828209751	1	1	1	1	5	4	0	1	17	17	2.83321334405622	2.83321334405622	0	-Inf
74	3	20	19	15	4.5816	1.52204828209751	3	3	2	1	4	5	1	2	11	13	2.56494935746154	2.39789527279837	0.693147180559945	0
75	2	35	30	26	4.5897	1.52381466245931	1	5	1	.	5	.	1	.	20	.	.	2.99573227355399	.	0
75	6	35	30	26	4.5897	1.52381466245931	5	1	.	1	.	8	.	0	.	19	2.94443897916644	.	-Inf	.
75	5	35	30	26	4.5897	1.52381466245931	1	1	1	2	5	3	0	0	11	9	2.19722457733622	2.39789527279837	-Inf	-Inf
75	1	35	30	26	4.5897	1.52381466245931	3	1	1	1	3	8	0	0	14	13	2.56494935746154	2.63905732961526	-Inf	-Inf
75	4	35	30	26	4.5897	1.52381466245931	1	1	1	1	3	4	0	0	10	14	2.63905732961526	2.30258509299405	-Inf	-Inf
75	3	35	30	26	4.5897	1.52381466245931	1	5	1	.	4	.	0	.	15	.	.	2.70805020110221	.	-Inf
76	2	30	39	29	4.6415	1.53503758985785	1	1	1	2	3	3	0	1	15	13	2.56494935746154	2.70805020110221	0	-Inf
76	6	30	39	29	4.6415	1.53503758985785	5	5	.	.	.	.	.	.	.	.	.	.	.	.
76	5	30	39	29	4.6415	1.53503758985785	1	1	1	1	4	2	1	0	18	17	2.83321334405622	2.89037175789616	-Inf	0
76	1	30	39	29	4.6415	1.53503758985785	1	5	2	.	5	.	0	.	19	.	.	2.94443897916644	.	-Inf
76	4	30	39	29	4.6415	1.53503758985785	5	1	.	2	.	4	.	1	.	18	2.89037175789616	.	0	.
76	3	30	39	29	4.6415	1.53503758985785	1	3	2	2	3	2	2	0	15	12	2.484906649788	2.70805020110221	-Inf	0.693147180559945
77	2	44	50	38	4.9026	1.58976567663658	1	5	2	.	5	.	0	.	9	.	.	2.19722457733622	.	-Inf
77	6	44	50	38	4.9026	1.58976567663658	1	5	1	.	5	.	0	.	11	.	.	2.39789527279837	.	-Inf
77	5	44	50	38	4.9026	1.58976567663658	1	1	1	1	5	5	0	0	14	16	2.77258872223978	2.63905732961526	-Inf	-Inf
77	1	44	50	38	4.9026	1.58976567663658	1	5	1	.	5	.	1	.	14	.	.	2.63905732961526	.	0
77	4	44	50	38	4.9026	1.58976567663658	1	1	2	2	5	9	1	0	8	23	3.13549421592915	2.07944154167984	-Inf	0
77	3	44	50	38	4.9026	1.58976567663658	5	1	.	2	.	5	.	1	.	15	2.70805020110221	.	0	.
78	2	77	33	28	4.9765	1.60472683270398	1	1	1	2	5	4	0	1	14	12	2.484906649788	2.63905732961526	0	-Inf
78	6	77	33	28	4.9765	1.60472683270398	5	1	.	1	.	4	.	1	.	16	2.77258872223978	.	0	.
78	5	77	33	28	4.9765	1.60472683270398	1	1	2	1	4	4	1	1	12	14	2.63905732961526	2.484906649788	0	0
78	1	77	33	28	4.9765	1.60472683270398	5	1	.	1	.	4	.	1	.	14	2.63905732961526	.	0	.
78	4	77	33	28	4.9765	1.60472683270398	1	1	2	1	4	5	0	0	13	17	2.83321334405622	2.56494935746154	-Inf	-Inf
78	3	77	33	28	4.9765	1.60472683270398	1	1	1	1	5	8	1	1	16	15	2.70805020110221	2.77258872223978	0	0
79	2	42	27	21	4.814	1.57152833936088	1	1	1	1	4	3	0	2	21	22	3.09104245335832	3.04452243772342	0.693147180559945	-Inf
79	6	42	27	21	4.814	1.57152833936088	5	1	.	2	.	9	.	0	.	25	3.2188758248682	.	-Inf	.
79	5	42	27	21	4.814	1.57152833936088	1	1	1	1	4	8	0	0	17	19	2.94443897916644	2.83321334405622	-Inf	-Inf
79	1	42	27	21	4.814	1.57152833936088	1	5	1	.	5	.	0	.	19	.	.	2.94443897916644	.	-Inf
79	4	42	27	21	4.814	1.57152833936088	1	1	2	2	5	4	0	0	16	17	2.83321334405622	2.77258872223978	-Inf	-Inf
79	3	42	27	21	4.814	1.57152833936088	1	1	2	1	3	3	0	0	9	24	3.17805383034795	2.19722457733622	-Inf	-Inf
80	2	33	22	18	4.3149	1.46207414929582	1	1	1	1	9	9	3	1	24	24	3.17805383034795	3.17805383034795	0	1.09861228866811
80	6	33	22	18	4.3149	1.46207414929582	5	5	.	.	.	.	.	.	.	.	.	.	.	.
80	5	33	22	18	4.3149	1.46207414929582	3	1	1	1	5	9	0	0	23	23	3.13549421592915	3.13549421592915	-Inf	-Inf
80	1	33	22	18	4.3149	1.46207414929582	1	2	1	1	9	9	0	0	25	23	3.13549421592915	3.2188758248682	-Inf	-Inf
80	4	33	22	18	4.3149	1.46207414929582	1	1	1	1	5	8	0	1	21	24	3.17805383034795	3.04452243772342	0	-Inf
80	3	33	22	18	4.3149	1.46207414929582	1	1	1	1	9	9	3	2	25	21	3.04452243772342	3.2188758248682	0.693147180559945	1.09861228866811
81	2	60	30	26	4.8951	1.588234704783	1	1	1	1	5	8	2	2	15	17	2.83321334405622	2.70805020110221	0.693147180559945	0.693147180559945
81	6	60	30	26	4.8951	1.588234704783	1	1	1	1	4	8	0	1	15	15	2.70805020110221	2.70805020110221	0	-Inf
81	5	60	30	26	4.8951	1.588234704783	1	1	1	1	8	5	1	1	18	14	2.63905732961526	2.89037175789616	0	0
81	1	60	30	26	4.8951	1.588234704783	1	1	1	1	4	4	0	3	11	17	2.83321334405622	2.39789527279837	1.09861228866811	-Inf
81	4	60	30	26	4.8951	1.588234704783	5	1	.	1	.	5	.	1	.	19	2.94443897916644	.	0	.
81	3	60	30	26	4.8951	1.588234704783	1	1	1	1	5	5	1	1	15	17	2.83321334405622	2.70805020110221	0	0
82	2	28	24	20	4.7174	1.55125780036764	1	1	1	1	4	5	0	2	9	22	3.09104245335832	2.19722457733622	0.693147180559945	-Inf
82	6	28	24	20	4.7174	1.55125780036764	1	1	1	1	4	8	0	0	16	23	3.13549421592915	2.77258872223978	-Inf	-Inf
82	5	28	24	20	4.7174	1.55125780036764	1	5	2	.	4	.	0	.	10	.	.	2.30258509299405	.	-Inf
82	1	28	24	20	4.7174	1.55125780036764	5	1	.	2	.	2	.	3	.	9	2.19722457733622	.	1.09861228866811	.
82	4	28	24	20	4.7174	1.55125780036764	1	1	2	1	4	4	0	0	9	15	2.70805020110221	2.19722457733622	-Inf	-Inf
82	3	28	24	20	4.7174	1.55125780036764	1	1	1	1	4	5	1	0	19	19	2.94443897916644	2.94443897916644	-Inf	0
83	2	53	21	15	4.6867	1.54472871006465	1	1	2	1	8	5	1	4	24	25	3.2188758248682	3.17805383034795	1.38629436111989	0
83	6	53	21	15	4.6867	1.54472871006465	1	5	1	.	5	.	1	.	19	.	.	2.94443897916644	.	0
83	5	53	21	15	4.6867	1.54472871006465	5	1	.	1	.	3	.	0	.	16	2.77258872223978	.	-Inf	.
83	1	53	21	15	4.6867	1.54472871006465	1	3	2	1	8	4	0	0	21	25	3.2188758248682	3.04452243772342	-Inf	-Inf
83	4	53	21	15	4.6867	1.54472871006465	1	5	1	.	8	.	2	.	18	.	.	2.89037175789616	.	0.693147180559945
83	3	53	21	15	4.6867	1.54472871006465	1	1	2	2	5	3	1	1	19	18	2.89037175789616	2.94443897916644	0	0
84	2	30	39	29	4.9026	1.58976567663658	1	1	1	1	3	3	1	1	11	17	2.83321334405622	2.39789527279837	0	0
84	6	30	39	29	4.9026	1.58976567663658	1	1	1	1	1	2	0	0	17	12	2.484906649788	2.83321334405622	-Inf	-Inf
84	5	30	39	29	4.9026	1.58976567663658	5	1	.	1	.	3	.	0	.	15	2.70805020110221	.	-Inf	.
84	1	30	39	29	4.9026	1.58976567663658	1	1	1	1	1	2	0	2	13	14	2.63905732961526	2.56494935746154	0.693147180559945	-Inf
84	4	30	39	29	4.9026	1.58976567663658	1	1	1	1	1	5	0	3	20	20	2.99573227355399	2.99573227355399	1.09861228866811	-Inf
84	3	30	39	29	4.9026	1.58976567663658	1	5	1	.	4	.	1	.	12	.	.	2.484906649788	.	0
85	2	80	49	45	4.7631	1.56089871676944	3	1	1	1	8	9	1	0	25	25	3.2188758248682	3.2188758248682	-Inf	0
85	6	80	49	45	4.7631	1.56089871676944	3	1	2	1	9	8	1	0	25	24	3.17805383034795	3.2188758248682	-Inf	0
85	5	80	49	45	4.7631	1.56089871676944	1	1	1	2	9	4	2	0	20	14	2.63905732961526	2.99573227355399	-Inf	0.693147180559945
85	1	80	49	45	4.7631	1.56089871676944	1	1	2	1	8	9	1	0	19	13	2.56494935746154	2.94443897916644	-Inf	0
85	4	80	49	45	4.7631	1.56089871676944	1	1	1	1	5	4	2	1	14	24	3.17805383034795	2.63905732961526	0	0.693147180559945
85	3	80	49	45	4.7631	1.56089871676944	3	1	1	1	9	3	2	0	25	12	2.484906649788	3.2188758248682	-Inf	0.693147180559945
86	2	26	26	22	4.6914	1.54573104537639	1	1	2	2	4	8	1	0	18	18	2.89037175789616	2.89037175789616	-Inf	0
86	6	26	26	22	4.6914	1.54573104537639	1	1	2	2	8	8	0	1	21	13	2.56494935746154	3.04452243772342	0	-Inf
86	5	26	26	22	4.6914	1.54573104537639	1	1	1	1	3	5	1	0	16	19	2.94443897916644	2.77258872223978	-Inf	0
86	1	26	26	22	4.6914	1.54573104537639	1	1	2	1	5	4	1	2	17	16	2.77258872223978	2.83321334405622	0.693147180559945	0
86	4	26	26	22	4.6914	1.54573104537639	1	1	1	1	4	5	1	1	12	20	2.99573227355399	2.484906649788	0	0
86	3	26	26	22	4.6914	1.54573104537639	1	5	1	.	8	.	1	.	24	.	.	3.17805383034795	.	0
87	2	32	24	20	4.3224	1.46381080354772	1	1	2	1	5	8	0	2	17	20	2.99573227355399	2.83321334405622	0.693147180559945	-Inf
87	6	32	24	20	4.3224	1.46381080354772	2	1	1	2	8	5	0	0	17	15	2.70805020110221	2.83321334405622	-Inf	-Inf
87	5	32	24	20	4.3224	1.46381080354772	1	1	2	2	5	4	0	0	16	12	2.484906649788	2.77258872223978	-Inf	-Inf
87	1	32	24	20	4.3224	1.46381080354772	1	1	1	2	8	4	0	2	17	15	2.70805020110221	2.83321334405622	0.693147180559945	-Inf
87	4	32	24	20	4.3224	1.46381080354772	2	1	1	1	5	5	0	0	14	16	2.77258872223978	2.63905732961526	-Inf	-Inf
87	3	32	24	20	4.3224	1.46381080354772	1	1	1	1	8	8	0	2	17	15	2.70805020110221	2.83321334405622	0.693147180559945	-Inf
88	2	55	.	.	4.6043	1.52699064946657	1	1	1	1	5	5	1	1	17	18	2.89037175789616	2.83321334405622	0	0
88	6	55	.	.	4.6043	1.52699064946657	5	1	.	1	.	5	.	0	.	16	2.77258872223978	.	-Inf	.
88	5	55	.	.	4.6043	1.52699064946657	1	1	1	1	5	4	1	0	14	16	2.77258872223978	2.63905732961526	-Inf	0
88	1	55	.	.	4.6043	1.52699064946657	1	3	1	1	5	5	0	1	13	11	2.39789527279837	2.56494935746154	0	-Inf
88	4	55	.	.	4.6043	1.52699064946657	1	1	1	1	5	3	1	1	12	10	2.30258509299405	2.484906649788	0	0
88	3	55	.	.	4.6043	1.52699064946657	1	3	1	1	5	1	1	0	13	21	3.04452243772342	2.56494935746154	-Inf	0
89	2	59	32	28	4.8189	1.57254568624969	1	1	1	1	5	8	0	1	15	24	3.17805383034795	2.70805020110221	0	-Inf
89	6	59	32	28	4.8189	1.57254568624969	1	5	1	.	4	.	0	.	13	.	.	2.56494935746154	.	-Inf
89	5	59	32	28	4.8189	1.57254568624969	5	1	.	1	.	4	.	0	.	10	2.30258509299405	.	-Inf	.
89	1	59	32	28	4.8189	1.57254568624969	1	5	1	.	5	.	1	.	22	.	.	3.09104245335832	.	0
89	4	59	32	28	4.8189	1.57254568624969	1	1	1	1	4	5	1	1	20	24	3.17805383034795	2.99573227355399	0	0
89	3	59	32	28	4.8189	1.57254568624969	5	1	.	1	.	9	.	0	.	19	2.94443897916644	.	-Inf	.
90	2	22	23	19	4.8223	1.57325099267233	1	1	1	1	5	5	0	0	19	13	2.56494935746154	2.94443897916644	-Inf	-Inf
90	6	22	23	19	4.8223	1.57325099267233	5	1	.	1	.	8	.	0	.	18	2.89037175789616	.	-Inf	.
90	5	22	23	19	4.8223	1.57325099267233	1	1	1	2	5	4	0	0	15	10	2.30258509299405	2.70805020110221	-Inf	-Inf
90	1	22	23	19	4.8223	1.57325099267233	5	5	.	.	.	.	.	.	.	.	.	.	.	.
90	4	22	23	19	4.8223	1.57325099267233	1	1	2	1	8	4	0	0	24	10	2.30258509299405	3.17805383034795	-Inf	-Inf
90	3	22	23	19	4.8223	1.57325099267233	1	1	2	1	4	4	0	0	13	13	2.56494935746154	2.56494935746154	-Inf	-Inf
91	2	38	26	22	4.4687	1.4970975385864	1	1	1	1	5	4	1	1	14	13	2.56494935746154	2.63905732961526	0	0
91	6	38	26	22	4.4687	1.4970975385864	1	1	1	1	5	5	0	1	17	16	2.77258872223978	2.83321334405622	0	-Inf
91	5	38	26	22	4.4687	1.4970975385864	3	5	1	.	4	.	0	.	13	.	.	2.56494935746154	.	-Inf
91	1	38	26	22	4.4687	1.4970975385864	5	3	.	1	.	3	.	1	.	15	2.70805020110221	.	0	.
91	4	38	26	22	4.4687	1.4970975385864	1	1	1	1	3	8	0	1	5	15	2.70805020110221	1.6094379124341	0	-Inf
91	3	38	26	22	4.4687	1.4970975385864	1	3	1	1	5	3	1	1	16	15	2.70805020110221	2.77258872223978	0	0
92	2	42	22	18	4.925	1.59432427462405	3	1	1	1	5	4	1	1	16	23	3.13549421592915	2.77258872223978	0	0
92	6	42	22	18	4.925	1.59432427462405	1	1	1	1	8	9	1	0	21	21	3.04452243772342	3.04452243772342	-Inf	0
92	5	42	22	18	4.925	1.59432427462405	1	1	1	1	3	8	2	0	14	17	2.83321334405622	2.63905732961526	-Inf	0.693147180559945
92	1	42	22	18	4.925	1.59432427462405	4	1	2	1	1	8	0	0	12	20	2.99573227355399	2.484906649788	-Inf	-Inf
92	4	42	22	18	4.925	1.59432427462405	1	1	1	1	4	8	1	4	16	17	2.83321334405622	2.77258872223978	1.38629436111989	0
92	3	42	22	18	4.925	1.59432427462405	1	5	1	1	8	8	1	2	22	20	2.99573227355399	3.09104245335832	0.693147180559945	0
93	2	41	35	23	4.9856	1.60655375725424	1	1	2	1	5	4	1	0	18	22	3.09104245335832	2.89037175789616	-Inf	0
93	6	41	35	23	4.9856	1.60655375725424	1	3	1	1	5	5	0	0	20	19	2.94443897916644	2.99573227355399	-Inf	-Inf
93	5	41	35	23	4.9856	1.60655375725424	3	1	1	2	4	4	0	0	14	16	2.77258872223978	2.63905732961526	-Inf	-Inf
93	1	41	35	23	4.9856	1.60655375725424	1	3	1	1	4	4	0	0	15	13	2.56494935746154	2.70805020110221	-Inf	-Inf
93	4	41	35	23	4.9856	1.60655375725424	1	1	1	1	4	3	0	1	18	19	2.94443897916644	2.89037175789616	0	-Inf
93	3	41	35	23	4.9856	1.60655375725424	1	3	1	1	5	8	0	0	18	20	2.99573227355399	2.89037175789616	-Inf	-Inf
94	2	27	18	14	4.5469	1.51444568207849	1	1	1	1	5	9	1	2	18	20	2.99573227355399	2.89037175789616	0.693147180559945	0
94	6	27	18	14	4.5469	1.51444568207849	1	1	2	2	5	1	0	0	12	6	1.79175946922806	2.484906649788	-Inf	-Inf
94	5	27	18	14	4.5469	1.51444568207849	2	1	1	1	1	9	1	1	16	24	3.17805383034795	2.77258872223978	0	0
94	1	27	18	14	4.5469	1.51444568207849	1	2	2	.	2	.	0	.	13	.	.	2.56494935746154	.	-Inf
94	4	27	18	14	4.5469	1.51444568207849	1	1	1	1	3	9	0	2	11	18	2.89037175789616	2.39789527279837	0.693147180559945	-Inf
94	3	27	18	14	4.5469	1.51444568207849	1	1	1	1	4	9	1	3	18	20	2.99573227355399	2.89037175789616	1.09861228866811	0
95	2	41	30	22	4.6531	1.53753366414243	1	1	1	1	2	3	0	1	15	12	2.484906649788	2.70805020110221	0	-Inf
95	6	41	30	22	4.6531	1.53753366414243	1	5	2	1	2	2	0	.	9	10	2.30258509299405	2.19722457733622	.	-Inf
95	5	41	30	22	4.6531	1.53753366414243	5	1	.	1	.	4	.	3	.	15	2.70805020110221	.	1.09861228866811	.
95	1	41	30	22	4.6531	1.53753366414243	1	5	1	.	3	.	1	.	17	.	.	2.83321334405622	.	0
95	4	41	30	22	4.6531	1.53753366414243	1	1	2	1	2	3	1	2	11	15	2.70805020110221	2.39789527279837	0.693147180559945	0
95	3	41	30	22	4.6531	1.53753366414243	1	3	1	2	8	2	0	0	17	11	2.39789527279837	2.83321334405622	-Inf	-Inf
96	2	33	35	27	.	.	.	.	1	1	8	9	4	1	23	25	3.2188758248682	3.13549421592915	0	1.38629436111989
96	6	33	35	27	.	.	.	.	.	.	.	.	.	.	.	.	.	.	.	.
96	5	33	35	27	.	.	.	.	1	1	8	8	0	0	25	22	3.09104245335832	3.2188758248682	-Inf	-Inf
96	1	33	35	27	.	.	.	.	1	1	8	8	0	2	20	21	3.04452243772342	2.99573227355399	0.693147180559945	-Inf
96	4	33	35	27	.	.	.	.	1	.	5	.	1	.	16	.	.	2.77258872223978	.	0
96	3	33	35	27	.	.	.	.	1	1	8	8	1	0	25	23	3.13549421592915	3.2188758248682	-Inf	0
1	2	28	22	18	.	.	.	.	1	2	5	4	2	0	20	19	2.94443897916644	2.99573227355399	-Inf	0.693147180559945
1	6	28	22	18	.	.	.	.	1	1	9	9	0	1	25	25	3.2188758248682	3.2188758248682	0	-Inf
1	5	28	22	18	.	.	.	.	2	1	8	5	0	0	25	22	3.09104245335832	3.2188758248682	-Inf	-Inf
1	1	28	22	18	.	.	.	.	2	.	5	.	1	.	17	.	.	2.83321334405622	.	0
1	4	28	22	18	.	.	.	.	2	1	5	4	0	2	23	24	3.17805383034795	3.13549421592915	0.693147180559945	-Inf
1	3	28	22	18	.	.	.	.	1	1	8	5	2	0	25	20	2.99573227355399	3.2188758248682	-Inf	0.693147180559945
2	2	52	27	23	.	.	.	.	2	2	8	8	1	2	19	25	3.2188758248682	2.94443897916644	0.693147180559945	0
2	6	52	27	23	.	.	.	.	.	2	.	5	.	3	.	17	2.83321334405622	.	1.09861228866811	.
2	5	52	27	23	.	.	.	.	1	2	9	5	1	1	23	22	3.09104245335832	3.13549421592915	0	0
2	1	52	27	23	.	.	.	.	1	1	5	8	1	4	24	19	2.94443897916644	3.17805383034795	1.38629436111989	0
2	4	52	27	23	.	.	.	.	1	1	9	9	1	1	18	25	3.2188758248682	2.89037175789616	0	0
2	3	52	27	23	.	.	.	.	1	2	3	4	1	0	15	18	2.89037175789616	2.70805020110221	-Inf	0
3	2	27	24	20	.	.	.	.	1	1	8	5	1	1	25	22	3.09104245335832	3.2188758248682	0	0
3	6	27	24	20	.	.	.	.	1	1	5	4	0	0	15	13	2.56494935746154	2.70805020110221	-Inf	-Inf
3	5	27	24	20	.	.	.	.	1	1	4	5	2	0	13	15	2.70805020110221	2.56494935746154	-Inf	0.693147180559945
3	1	27	24	20	.	.	.	.	.	1	.	8	.	3	.	20	2.99573227355399	.	1.09861228866811	.
3	4	27	24	20	.	.	.	.	1	1	5	3	0	0	19	13	2.56494935746154	2.94443897916644	-Inf	-Inf
3	3	27	24	20	.	.	.	.	1	1	4	8	0	0	20	19	2.94443897916644	2.99573227355399	-Inf	-Inf
4	2	47	39	26	.	.	.	.	2	1	5	8	0	1	22	20	2.99573227355399	3.09104245335832	0	-Inf
4	6	47	39	26	.	.	.	.	1	1	8	5	0	3	25	21	3.04452243772342	3.2188758248682	1.09861228866811	-Inf
4	5	47	39	26	.	.	.	.	1	1	8	5	2	1	21	22	3.09104245335832	3.04452243772342	0	0.693147180559945
4	1	47	39	26	.	.	.	.	1	2	5	3	1	1	18	7	1.94591014905531	2.89037175789616	0	0
4	4	47	39	26	.	.	.	.	1	1	9	8	0	1	20	20	2.99573227355399	2.99573227355399	0	-Inf
4	3	47	39	26	.	.	.	.	.	2	.	3	.	1	.	17	2.83321334405622	.	0	.
5	2	57	30	26	.	.	.	.	1	1	5	5	0	4	19	16	2.77258872223978	2.94443897916644	1.38629436111989	-Inf
5	6	57	30	26	.	.	.	.	1	1	5	5	1	2	19	16	2.77258872223978	2.94443897916644	0.693147180559945	0
5	5	57	30	26	.	.	.	.	1	1	5	5	2	1	16	16	2.77258872223978	2.77258872223978	0	0.693147180559945
5	1	57	30	26	.	.	.	.	1	2	5	5	0	1	17	19	2.94443897916644	2.83321334405622	0	-Inf
5	4	57	30	26	.	.	.	.	2	1	5	5	2	1	14	21	3.04452243772342	2.63905732961526	0	0.693147180559945
5	3	57	30	26	.	.	.	.	2	1	5	5	1	1	21	16	2.77258872223978	3.04452243772342	0	0
6	2	72	29	25	.	.	.	.	1	1	5	3	0	0	13	13	2.56494935746154	2.56494935746154	-Inf	-Inf
6	6	72	29	25	.	.	.	.	1	1	5	1	0	0	21	6	1.79175946922806	3.04452243772342	-Inf	-Inf
6	5	72	29	25	.	.	.	.	2	.	2	.	0	.	13	.	.	2.56494935746154	.	-Inf
6	1	72	29	25	.	.	.	.	1	1	2	4	0	1	6	17	2.83321334405622	1.79175946922806	0	-Inf
6	4	72	29	25	.	.	.	.	2	1	1	2	1	0	6	8	2.07944154167984	1.79175946922806	-Inf	0
6	3	72	29	25	.	.	.	.	.	1	.	3	.	0	.	18	2.89037175789616	.	-Inf	.
7	2	20	26	22	.	.	.	.	1	1	4	5	0	0	16	11	2.39789527279837	2.77258872223978	-Inf	-Inf
7	6	20	26	22	.	.	.	.	2	.	5	.	0	.	12	.	.	2.484906649788	.	-Inf
7	5	20	26	22	.	.	.	.	1	1	5	4	0	0	15	12	2.484906649788	2.70805020110221	-Inf	-Inf
7	1	20	26	22	.	.	.	.	.	.	.	.	.	.	.	.	.	.	.	.
7	4	20	26	22	.	.	.	.	1	1	5	5	0	0	14	19	2.94443897916644	2.63905732961526	-Inf	-Inf
7	3	20	26	22	.	.	.	.	1	.	5	.	0	.	15	.	.	2.70805020110221	.	-Inf
8	2	47	21	17	.	.	.	.	1	1	5	5	2	0	12	11	2.39789527279837	2.484906649788	-Inf	0.693147180559945
8	6	47	21	17	.	.	.	.	.	1	.	3	.	0	.	6	1.79175946922806	.	-Inf	.
8	5	47	21	17	.	.	.	.	1	1	5	3	2	0	10	8	2.07944154167984	2.30258509299405	-Inf	0.693147180559945
8	1	47	21	17	.	.	.	.	2	1	4	5	0	2	10	10	2.30258509299405	2.30258509299405	0.693147180559945	-Inf
8	4	47	21	17	.	.	.	.	.	1	.	5	.	1	.	13	2.56494935746154	.	0	.
8	3	47	21	17	.	.	.	.	1	1	5	5	1	1	18	14	2.63905732961526	2.89037175789616	0	0
9	2	40	40	28	.	.	.	.	1	1	4	5	0	1	17	23	3.13549421592915	2.83321334405622	0	-Inf
9	6	40	40	28	.	.	.	.	1	1	4	5	0	1	15	20	2.99573227355399	2.70805020110221	0	-Inf
9	5	40	40	28	.	.	.	.	.	1	.	9	.	1	.	25	3.2188758248682	.	0	.
9	1	40	40	28	.	.	.	.	1	1	5	5	0	3	23	15	2.70805020110221	3.13549421592915	1.09861228866811	-Inf
9	4	40	40	28	.	.	.	.	1	1	5	4	1	2	18	14	2.63905732961526	2.89037175789616	0.693147180559945	0
9	3	40	40	28	.	.	.	.	1	1	4	4	1	0	15	19	2.94443897916644	2.70805020110221	-Inf	0
