10	2	46	31	27	4.4687	1.4970975385864	1	1	2	1	5	9	0	2	14	21	7	7	4	0	6.78232998312527	5.56776436283002
10	6	46	31	27	4.4687	1.4970975385864	1	2	1	2	9	3	0	0	25	11	7	0	4	4	6.78232998312527	5.56776436283002
10	5	46	31	27	4.4687	1.4970975385864	1	1	1	2	9	9	1	0	17	14	7	12	7	7	6.78232998312527	5.56776436283002
10	1	46	31	27	4.4687	1.4970975385864	1	5	2	.	8	.	1	.	16	.	8	.	0	.	6.78232998312527	5.56776436283002
10	4	46	31	27	4.4687	1.4970975385864	1	1	1	1	9	9	0	0	20	17	12	9	8	9	6.78232998312527	5.56776436283002
10	3	46	31	27	4.4687	1.4970975385864	1	5	1	.	5	.	0	.	16	.	0	.	0	.	6.78232998312527	5.56776436283002
11	2	52	31	27	4.5544	1.51609379865474	1	1	1	1	5	5	0	0	15	19	2	14	1	4	7.21110255092798	5.56776436283002
11	6	52	31	27	4.5544	1.51609379865474	1	1	1	1	8	8	0	0	21	24	6	0	4	0	7.21110255092798	5.56776436283002
11	5	52	31	27	4.5544	1.51609379865474	1	1	1	1	5	5	1	0	17	18	4	11	2	2	7.21110255092798	5.56776436283002
11	1	52	31	27	4.5544	1.51609379865474	5	1	.	1	.	9	.	1	.	17	.	8	.	2	7.21110255092798	5.56776436283002
11	4	52	31	27	4.5544	1.51609379865474	1	5	1	.	4	.	0	.	17	.	1	.	5	.	7.21110255092798	5.56776436283002
11	3	52	31	27	4.5544	1.51609379865474	1	1	1	2	5	4	1	0	19	12	5	7	1	2	7.21110255092798	5.56776436283002
12	2	39	21	17	4.6245	1.53136825701218	1	1	1	1	8	9	0	2	17	23	3	19	2	6	6.2449979983984	4.58257569495584
12	6	39	21	17	4.6245	1.53136825701218	1	1	1	2	8	5	2	0	24	22	9	5	8	13	6.2449979983984	4.58257569495584
12	5	39	21	17	4.6245	1.53136825701218	1	1	1	1	9	9	1	1	15	23	7	21	2	9	6.2449979983984	4.58257569495584
12	1	39	21	17	4.6245	1.53136825701218	5	5	.	.	.	.	.	.	.	.	.	.	.	.	6.2449979983984	4.58257569495584
12	4	39	21	17	4.6245	1.53136825701218	1	1	1	1	9	9	0	1	22	25	6	19	0	2	6.2449979983984	4.58257569495584
12	3	39	21	17	4.6245	1.53136825701218	1	1	2	1	9	9	1	0	16	22	3	7	0	1	6.2449979983984	4.58257569495584
13	2	41	28	24	4.7839	1.56525611341983	1	5	1	.	5	.	0	.	16	.	3	.	2	.	6.40312423743285	5.29150262212918
13	6	41	28	24	4.7839	1.56525611341983	5	5	.	.	.	.	.	.	.	.	.	.	.	.	6.40312423743285	5.29150262212918
13	5	41	28	24	4.7839	1.56525611341983	1	5	1	.	3	.	0	.	11	.	14	.	2	.	6.40312423743285	5.29150262212918
13	1	41	28	24	4.7839	1.56525611341983	1	1	1	1	2	5	0	0	12	16	15	8	1	3	6.40312423743285	5.29150262212918
13	4	41	28	24	4.7839	1.56525611341983	5	1	.	1	.	4	.	0	.	13	.	7	.	5	6.40312423743285	5.29150262212918
13	3	41	28	24	4.7839	1.56525611341983	1	5	1	.	4	.	0	.	13	.	7	.	2	.	6.40312423743285	5.29150262212918
14	2	30	31	22	4.9579	1.60098226398644	1	1	1	1	5	5	3	3	24	25	7	10	5	12	5.47722557505166	5.56776436283002
14	6	30	31	22	4.9579	1.60098226398644	1	1	1	1	5	4	0	1	22	16	15	22	3	3	5.47722557505166	5.56776436283002
14	5	30	31	22	4.9579	1.60098226398644	1	1	1	1	9	5	3	3	25	21	7	7	2	5	5.47722557505166	5.56776436283002
14	1	30	31	22	4.9579	1.60098226398644	1	1	1	1	5	3	0	0	22	16	20	11	2	4	5.47722557505166	5.56776436283002
14	4	30	31	22	4.9579	1.60098226398644	1	1	1	1	9	9	1	1	19	23	4	13	6	4	5.47722557505166	5.56776436283002
14	3	30	31	22	4.9579	1.60098226398644	1	1	2	1	3	4	1	1	25	21	7	11	7	4	5.47722557505166	5.56776436283002
15	2	27	26	22	5.0284	1.61510184205854	1	2	1	1	5	1	0	0	16	15	10	7	2	1	5.19615242270663	5.09901951359278
15	6	27	26	22	5.0284	1.61510184205854	5	5	.	.	.	.	.	.	.	.	.	.	.	.	5.19615242270663	5.09901951359278
15	5	27	26	22	5.0284	1.61510184205854	1	5	2	.	9	.	0	.	21	.	7	.	1	.	5.19615242270663	5.09901951359278
15	1	27	26	22	5.0284	1.61510184205854	5	5	.	.	.	.	.	.	.	.	.	.	.	.	5.19615242270663	5.09901951359278
15	4	27	26	22	5.0284	1.61510184205854	1	1	1	1	5	2	0	1	15	14	7	8	0	0	5.19615242270663	5.09901951359278
15	3	27	26	22	5.0284	1.61510184205854	1	1	1	1	9	1	0	0	18	15	9	1	4	8	5.19615242270663	5.09901951359278
16	2	38	23	18	4.7231	1.55246536367311	1	1	2	1	3	4	1	2	12	21	9	11	1	3	6.16441400296898	4.79583152331272
16	6	38	23	18	4.7231	1.55246536367311	1	1	1	1	4	5	0	1	21	20	11	16	2	3	6.16441400296898	4.79583152331272
16	5	38	23	18	4.7231	1.55246536367311	3	1	2	1	5	5	0	0	18	20	9	9	6	4	6.16441400296898	4.79583152331272
16	1	38	23	18	4.7231	1.55246536367311	1	5	1	.	5	.	0	.	23	.	7	.	4	.	6.16441400296898	4.79583152331272
16	4	38	23	18	4.7231	1.55246536367311	1	1	1	2	4	4	0	2	14	16	14	13	1	4	6.16441400296898	4.79583152331272
16	3	38	23	18	4.7231	1.55246536367311	1	1	2	1	5	5	0	1	22	22	7	15	3	4	6.16441400296898	4.79583152331272
17	2	45	29	25	4.7257	1.553015698121	1	1	1	2	8	4	0	2	21	14	1	3	1	1	6.70820393249937	5.3851648071345
17	6	45	29	25	4.7257	1.553015698121	1	1	1	2	2	3	0	0	10	12	8	7	0	2	6.70820393249937	5.3851648071345
17	5	45	29	25	4.7257	1.553015698121	1	5	1	.	3	.	0	.	13	.	2	.	0	.	6.70820393249937	5.3851648071345
17	1	45	29	25	4.7257	1.553015698121	5	1	.	2	.	4	.	0	.	14	.	7	.	1	6.70820393249937	5.3851648071345
17	4	45	29	25	4.7257	1.553015698121	5	1	.	1	.	3	.	0	.	9	.	2	.	2	6.70820393249937	5.3851648071345
17	3	45	29	25	4.7257	1.553015698121	1	1	1	1	3	5	0	0	14	19	6	4	2	0	6.70820393249937	5.3851648071345
18	2	77	37	31	4.9	1.58923520511658	1	1	2	1	2	3	0	1	19	24	3	4	1	1	8.77496438739212	6.08276253029822
18	6	77	37	31	4.9	1.58923520511658	1	3	1	1	1	3	0	0	24	20	6	2	4	3	8.77496438739212	6.08276253029822
18	5	77	37	31	4.9	1.58923520511658	1	1	1	1	2	1	0	0	17	20	4	6	1	0	8.77496438739212	6.08276253029822
18	1	77	37	31	4.9	1.58923520511658	1	3	1	1	3	1	0	1	19	22	4	5	1	2	8.77496438739212	6.08276253029822
18	4	77	37	31	4.9	1.58923520511658	1	1	2	2	2	1	1	1	15	17	2	8	0	1	8.77496438739212	6.08276253029822
18	3	77	37	31	4.9	1.58923520511658	1	3	2	1	4	4	1	0	18	19	5	6	1	1	8.77496438739212	6.08276253029822
19	2	62	33	25	4.1024	1.41157216830416	1	5	2	.	3	.	1	.	13	.	4	.	0	.	7.87400787401181	5.74456264653803
19	6	62	33	25	4.1024	1.41157216830416	1	1	1	1	9	4	0	1	22	17	6	3	1	2	7.87400787401181	5.74456264653803
19	5	62	33	25	4.1024	1.41157216830416	1	1	1	1	9	4	1	0	19	11	2	5	0	1	7.87400787401181	5.74456264653803
19	1	62	33	25	4.1024	1.41157216830416	5	5	.	.	.	.	.	.	.	.	.	.	.	.	7.87400787401181	5.74456264653803
19	4	62	33	25	4.1024	1.41157216830416	1	1	1	1	4	8	1	1	15	23	3	4	0	1	7.87400787401181	5.74456264653803
19	3	62	33	25	4.1024	1.41157216830416	1	1	1	2	5	5	1	1	23	14	10	7	0	1	7.87400787401181	5.74456264653803
20	2	55	41	29	4.7065	1.54894453200514	1	1	2	2	8	8	0	2	20	21	9	16	3	1	7.41619848709566	6.40312423743285
20	6	55	41	29	4.7065	1.54894453200514	1	1	1	2	8	8	0	0	21	16	6	18	3	0	7.41619848709566	6.40312423743285
20	5	55	41	29	4.7065	1.54894453200514	3	1	1	2	5	5	1	1	20	17	9	10	1	2	7.41619848709566	6.40312423743285
20	1	55	41	29	4.7065	1.54894453200514	3	5	2	.	4	.	2	.	17	.	14	.	5	.	7.41619848709566	6.40312423743285
20	4	55	41	29	4.7065	1.54894453200514	5	1	.	1	.	5	.	0	.	16	.	16	.	1	7.41619848709566	6.40312423743285
20	3	55	41	29	4.7065	1.54894453200514	1	3	1	2	4	4	2	1	16	21	16	9	2	3	7.41619848709566	6.40312423743285
21	2	32	34	26	3.8493	1.34789131358695	1	1	1	1	3	3	0	1	15	16	4	9	0	2	5.65685424949238	5.8309518948453
21	6	32	34	26	3.8493	1.34789131358695	1	5	1	.	2	.	1	.	13	.	8	.	3	.	5.65685424949238	5.8309518948453
21	5	32	34	26	3.8493	1.34789131358695	1	5	1	.	4	.	1	.	20	.	12	.	1	.	5.65685424949238	5.8309518948453
21	1	32	34	26	3.8493	1.34789131358695	5	5	.	.	.	.	.	.	.	.	.	.	.	.	5.65685424949238	5.8309518948453
21	4	32	34	26	3.8493	1.34789131358695	1	1	1	2	8	3	1	0	24	19	10	12	1	2	5.65685424949238	5.8309518948453
21	3	32	34	26	3.8493	1.34789131358695	1	5	1	.	4	.	2	.	23	.	9	.	1	.	5.65685424949238	5.8309518948453
22	2	46	21	17	3.8684	1.35284098486067	1	3	1	2	2	3	0	1	14	12	3	1	0	2	6.78232998312527	4.58257569495584
22	6	46	21	17	3.8684	1.35284098486067	5	3	.	1	.	5	.	.	.	16	.	0	.	0	6.78232998312527	4.58257569495584
22	5	46	21	17	3.8684	1.35284098486067	2	5	1	.	5	.	0	.	14	.	13	.	1	.	6.78232998312527	4.58257569495584
22	1	46	21	17	3.8684	1.35284098486067	5	3	.	2	.	3	.	0	.	11	.	4	.	2	6.78232998312527	4.58257569495584
22	4	46	21	17	3.8684	1.35284098486067	1	1	1	2	3	4	0	0	13	12	7	7	1	2	6.78232998312527	4.58257569495584
22	3	46	21	17	3.8684	1.35284098486067	1	1	2	2	2	4	.	0	12	13	0	3	0	2	6.78232998312527	4.58257569495584
23	2	33	17	13	4.8281	1.57445301553114	1	1	1	1	9	9	1	0	22	24	19	31	5	8	5.74456264653803	4.12310562561766
23	6	33	17	13	4.8281	1.57445301553114	1	1	1	1	9	9	1	0	21	21	18	31	0	3	5.74456264653803	4.12310562561766
23	5	33	17	13	4.8281	1.57445301553114	1	1	1	1	8	9	0	2	24	19	30	26	1	5	5.74456264653803	4.12310562561766
23	1	33	17	13	4.8281	1.57445301553114	1	1	1	1	9	8	0	0	19	21	23	11	8	5	5.74456264653803	4.12310562561766
23	4	33	17	13	4.8281	1.57445301553114	1	1	1	1	9	9	0	0	17	23	23	45	1	3	5.74456264653803	4.12310562561766
23	3	33	17	13	4.8281	1.57445301553114	1	3	1	1	9	9	0	1	25	20	16	34	6	4	5.74456264653803	4.12310562561766
24	2	30	26	21	4.9169	1.59267825061876	1	1	2	2	3	1	0	3	17	17	9	25	0	4	5.47722557505166	5.09901951359278
24	6	30	26	21	4.9169	1.59267825061876	1	1	1	2	2	2	0	0	9	15	3	13	0	3	5.47722557505166	5.09901951359278
24	5	30	26	21	4.9169	1.59267825061876	1	1	2	1	4	4	0	2	19	19	8	13	1	2	5.47722557505166	5.09901951359278
24	1	30	26	21	4.9169	1.59267825061876	1	1	1	2	4	2	0	1	18	11	13	9	0	1	5.47722557505166	5.09901951359278
24	4	30	26	21	4.9169	1.59267825061876	1	2	2	2	2	1	0	0	7	12	5	2	0	1	5.47722557505166	5.09901951359278
24	3	30	26	21	4.9169	1.59267825061876	3	1	1	2	1	3	0	0	6	14	2	4	0	1	5.47722557505166	5.09901951359278
25	2	49	37	33	3.9675	1.37813617341843	.	.	2	2	3	8	0	0	9	18	8	13	1	15	7	6.08276253029822
25	6	49	37	33	3.9675	1.37813617341843	.	.	1	1	5	8	0	0	20	24	9	12	4	3	7	6.08276253029822
25	5	49	37	33	3.9675	1.37813617341843	.	.	1	2	8	3	2	0	18	18	12	0	2	0	7	6.08276253029822
25	1	49	37	33	3.9675	1.37813617341843	.	.	1	1	3	4	1	3	10	12	13	14	0	2	7	6.08276253029822
25	4	49	37	33	3.9675	1.37813617341843	.	.	2	2	4	8	1	0	17	15	13	16	1	2	7	6.08276253029822
25	3	49	37	33	3.9675	1.37813617341843	.	.	1	1	3	4	1	0	10	10	10	8	0	5	7	6.08276253029822
26	2	31	27	22	4.3897	1.47926088762215	1	1	2	2	8	8	0	1	20	20	14	13	0	0	5.56776436283002	5.19615242270663
26	6	31	27	22	4.3897	1.47926088762215	1	1	1	1	8	8	0	3	20	20	0	14	0	1	5.56776436283002	5.19615242270663
26	5	31	27	22	4.3897	1.47926088762215	1	1	1	2	8	8	0	2	20	22	9	13	0	0	5.56776436283002	5.19615242270663
26	1	31	27	22	4.3897	1.47926088762215	1	1	1	2	8	8	0	1	16	20	14	24	0	1	5.56776436283002	5.19615242270663
26	4	31	27	22	4.3897	1.47926088762215	1	1	1	1	8	8	3	1	20	15	12	23	5	0	5.56776436283002	5.19615242270663
26	3	31	27	22	4.3897	1.47926088762215	1	1	1	1	8	8	1	2	20	18	19	12	1	0	5.56776436283002	5.19615242270663
27	2	30	40	36	4.2161	1.43891053012285	1	1	1	1	5	5	0	0	21	16	4	9	1	1	5.47722557505166	6.32455532033676
27	6	30	40	36	4.2161	1.43891053012285	5	1	.	2	.	5	.	0	.	18	.	10	.	2	5.47722557505166	6.32455532033676
27	5	30	40	36	4.2161	1.43891053012285	1	1	1	1	5	5	0	0	25	17	8	12	1	1	5.47722557505166	6.32455532033676
27	1	30	40	36	4.2161	1.43891053012285	5	1	.	1	.	5	.	1	.	11	.	5	.	0	5.47722557505166	6.32455532033676
27	4	30	40	36	4.2161	1.43891053012285	3	1	2	2	5	4	0	0	18	15	8	10	2	1	5.47722557505166	6.32455532033676
27	3	30	40	36	4.2161	1.43891053012285	5	1	.	1	.	5	.	0	.	24	.	9	.	2	5.47722557505166	6.32455532033676
29	2	75	35	31	4.8504	1.57906117577538	1	1	1	1	5	5	2	2	17	18	5	10	0	0	8.66025403784439	5.91607978309962
29	6	75	35	31	4.8504	1.57906117577538	1	1	1	1	8	8	0	0	18	20	6	17	0	2	8.66025403784439	5.91607978309962
29	5	75	35	31	4.8504	1.57906117577538	1	1	1	.	8	.	0	.	21	.	6	.	2	.	8.66025403784439	5.91607978309962
29	1	75	35	31	4.8504	1.57906117577538	1	1	1	1	5	5	2	3	18	15	6	18	0	1	8.66025403784439	5.91607978309962
29	4	75	35	31	4.8504	1.57906117577538	1	1	1	1	8	5	1	4	15	12	11	5	1	2	8.66025403784439	5.91607978309962
29	3	75	35	31	4.8504	1.57906117577538	1	1	1	1	9	4	3	3	16	9	7	9	1	0	8.66025403784439	5.91607978309962
30	2	53	20	16	4.4112	1.4841467612874	1	1	1	1	5	8	2	0	15	25	7	5	6	5	7.28010988928052	4.47213595499958
30	6	53	20	16	4.4112	1.4841467612874	1	1	1	1	5	9	2	0	20	25	19	26	1	1	7.28010988928052	4.47213595499958
30	5	53	20	16	4.4112	1.4841467612874	1	1	1	1	4	9	0	0	13	19	5	14	4	6	7.28010988928052	4.47213595499958
30	1	53	20	16	4.4112	1.4841467612874	1	1	1	1	5	5	2	0	21	21	24	16	3	2	7.28010988928052	4.47213595499958
30	4	53	20	16	4.4112	1.4841467612874	1	1	1	1	5	4	0	0	17	17	7	9	7	3	7.28010988928052	4.47213595499958
30	3	53	20	16	4.4112	1.4841467612874	1	1	1	1	8	9	0	0	18	18	12	16	0	8	7.28010988928052	4.47213595499958
31	2	36	21	17	4.7757	1.56354056004706	1	1	1	1	5	4	5	3	22	21	8	11	0	1	6	4.58257569495584
31	6	36	21	17	4.7757	1.56354056004706	1	5	1	.	4	.	2	.	23	.	10	.	4	.	6	4.58257569495584
31	5	36	21	17	4.7757	1.56354056004706	1	1	1	2	4	4	2	0	23	16	10	11	7	1	6	4.58257569495584
31	1	36	21	17	4.7757	1.56354056004706	3	1	1	1	4	4	2	3	21	25	13	11	3	1	6	4.58257569495584
31	4	36	21	17	4.7757	1.56354056004706	3	1	1	1	4	4	0	0	24	23	15	15	1	3	6	4.58257569495584
31	3	36	21	17	4.7757	1.56354056004706	1	1	1	1	4	5	1	1	23	21	12	14	0	0	6	4.58257569495584
32	2	45	36	32	4.5171	1.50787019501497	1	1	1	2	3	4	0	1	11	11	1	10	0	1	6.70820393249937	6
32	6	45	36	32	4.5171	1.50787019501497	1	1	1	1	3	8	1	1	12	21	5	7	0	0	6.70820393249937	6
32	5	45	36	32	4.5171	1.50787019501497	5	5	.	.	.	.	.	.	.	.	.	.	.	.	6.70820393249937	6
32	1	45	36	32	4.5171	1.50787019501497	1	3	2	1	5	5	0	1	14	13	2	8	1	2	6.70820393249937	6
32	4	45	36	32	4.5171	1.50787019501497	5	1	.	1	.	5	.	0	.	19	.	11	.	3	6.70820393249937	6
32	3	45	36	32	4.5171	1.50787019501497	1	1	2	1	5	1	1	0	10	11	5	3	0	1	6.70820393249937	6
33	2	62	31	27	4.7854	1.56556961597744	5	1	.	2	.	5	.	3	.	18	.	9	.	1	7.87400787401181	5.56776436283002
33	6	62	31	27	4.7854	1.56556961597744	1	1	2	1	3	2	1	2	10	20	7	11	3	0	7.87400787401181	5.56776436283002
33	5	62	31	27	4.7854	1.56556961597744	1	1	1	2	8	2	2	2	14	10	5	11	0	1	7.87400787401181	5.56776436283002
33	1	62	31	27	4.7854	1.56556961597744	1	3	1	1	3	8	2	2	12	14	11	15	1	0	7.87400787401181	5.56776436283002
33	4	62	31	27	4.7854	1.56556961597744	1	1	1	2	1	4	1	2	20	21	12	8	0	0	7.87400787401181	5.56776436283002
33	3	62	31	27	4.7854	1.56556961597744	1	1	1	1	8	1	0	1	24	15	3	7	1	0	7.87400787401181	5.56776436283002
34	2	51	28	21	4.749	1.55793406956698	1	5	1	.	8	.	1	.	15	.	7	.	0	.	7.14142842854285	5.29150262212918
34	6	51	28	21	4.749	1.55793406956698	1	1	1	1	5	8	0	0	21	18	4	4	0	0	7.14142842854285	5.29150262212918
34	5	51	28	21	4.749	1.55793406956698	1	1	1	1	4	5	1	0	11	7	7	7	0	1	7.14142842854285	5.29150262212918
34	1	51	28	21	4.749	1.55793406956698	1	2	1	.	5	.	0	.	10	.	5	.	2	.	7.14142842854285	5.29150262212918
34	4	51	28	21	4.749	1.55793406956698	1	5	1	.	5	.	0	.	13	.	6	.	0	.	7.14142842854285	5.29150262212918
34	3	51	28	21	4.749	1.55793406956698	1	1	1	1	3	5	1	1	7	9	2	5	1	0	7.14142842854285	5.29150262212918
35	2	41	27	22	4.4432	1.4913748375704	1	5	1	.	5	.	1	.	15	.	6	.	1	.	6.40312423743285	5.19615242270663
35	6	41	27	22	4.4432	1.4913748375704	1	1	1	1	5	5	0	0	19	16	26	26	3	1	6.40312423743285	5.19615242270663
35	5	41	27	22	4.4432	1.4913748375704	5	1	.	1	.	5	.	1	.	9	.	15	.	1	6.40312423743285	5.19615242270663
35	1	41	27	22	4.4432	1.4913748375704	1	1	1	1	5	3	3	1	17	10	14	6	0	0	6.40312423743285	5.19615242270663
35	4	41	27	22	4.4432	1.4913748375704	1	5	1	.	4	.	1	.	16	.	8	.	6	.	6.40312423743285	5.19615242270663
35	3	41	27	22	4.4432	1.4913748375704	1	5	1	.	5	.	0	.	17	.	10	.	3	.	6.40312423743285	5.19615242270663
36	2	33	27	23	4.7897	1.56646777898129	1	1	1	1	3	5	2	1	16	17	8	17	2	1	5.74456264653803	5.19615242270663
36	6	33	27	23	4.7897	1.56646777898129	1	1	1	1	5	5	1	0	13	15	8	0	5	0	5.74456264653803	5.19615242270663
36	5	33	27	23	4.7897	1.56646777898129	1	1	1	1	4	4	0	0	18	16	10	15	2	0	5.74456264653803	5.19615242270663
36	1	33	27	23	4.7897	1.56646777898129	1	1	2	1	5	2	2	0	14	11	13	5	0	6	5.74456264653803	5.19615242270663
36	4	33	27	23	4.7897	1.56646777898129	2	1	1	1	4	4	0	0	16	16	6	6	1	7	5.74456264653803	5.19615242270663
36	3	33	27	23	4.7897	1.56646777898129	1	1	2	1	4	4	0	0	14	15	9	14	5	2	5.74456264653803	5.19615242270663
37	2	23	24	20	4.9999	1.6094179122341	1	1	2	1	4	9	0	1	17	21	11	4	5	3	4.79583152331272	4.89897948556636
37	6	23	24	20	4.9999	1.6094179122341	1	5	1	.	8	.	0	.	24	.	19	.	3	.	4.79583152331272	4.89897948556636
37	5	23	24	20	4.9999	1.6094179122341	3	5	1	.	4	.	1	.	22	.	3	.	4	.	4.79583152331272	4.89897948556636
37	1	23	24	20	4.9999	1.6094179122341	5	1	.	2	.	5	.	0	.	19	.	8	.	2	4.79583152331272	4.89897948556636
37	4	23	24	20	4.9999	1.6094179122341	3	1	1	1	4	5	2	1	12	22	11	8	5	2	4.79583152331272	4.89897948556636
37	3	23	24	20	4.9999	1.6094179122341	1	5	1	.	9	.	0	.	24	.	5	.	2	.	4.79583152331272	4.89897948556636
38	2	33	28	24	4.8734	1.58379184545052	1	1	2	2	1	3	2	1	7	12	4	6	0	3	5.74456264653803	5.29150262212918
38	6	33	28	24	4.8734	1.58379184545052	1	1	2	2	3	2	0	1	9	11	11	16	2	2	5.74456264653803	5.29150262212918
38	5	33	28	24	4.8734	1.58379184545052	5	1	.	1	.	4	.	0	.	14	.	11	.	1	5.74456264653803	5.29150262212918
38	1	33	28	24	4.8734	1.58379184545052	1	5	2	.	3	.	0	.	11	.	15	.	0	.	5.74456264653803	5.29150262212918
38	4	33	28	24	4.8734	1.58379184545052	1	1	2	2	3	4	0	2	11	14	8	15	0	1	5.74456264653803	5.29150262212918
38	3	33	28	24	4.8734	1.58379184545052	1	1	1	1	2	4	0	1	5	14	4	6	4	3	5.74456264653803	5.29150262212918
39	2	48	32	28	4.6461	1.5360281580081	1	1	2	2	5	5	0	0	11	16	3	7	0	0	6.92820323027551	5.65685424949238
39	6	48	32	28	4.6461	1.5360281580081	5	1	.	2	.	2	.	0	.	21	.	4	.	0	6.92820323027551	5.65685424949238
39	5	48	32	28	4.6461	1.5360281580081	1	1	2	1	2	2	0	1	16	19	9	14	0	0	6.92820323027551	5.65685424949238
39	1	48	32	28	4.6461	1.5360281580081	1	1	2	2	2	4	0	0	12	13	8	9	1	1	6.92820323027551	5.65685424949238
39	4	48	32	28	4.6461	1.5360281580081	1	1	1	1	2	1	0	1	11	20	2	8	2	0	6.92820323027551	5.65685424949238
39	3	48	32	28	4.6461	1.5360281580081	1	1	2	.	3	.	0	.	12	.	6	.	0	.	6.92820323027551	5.65685424949238
40	2	50	33	25	3.9411	1.37145987216144	1	3	1	1	3	2	0	0	19	17	3	3	2	1	7.07106781186548	5.74456264653803
40	6	50	33	25	3.9411	1.37145987216144	5	3	.	2	.	8	.	0	.	20	.	4	.	0	7.07106781186548	5.74456264653803
40	5	50	33	25	3.9411	1.37145987216144	5	5	.	.	.	.	.	.	.	.	.	.	.	.	7.07106781186548	5.74456264653803
40	1	50	33	25	3.9411	1.37145987216144	1	5	2	.	4	.	1	.	19	.	5	.	0	.	7.07106781186548	5.74456264653803
40	4	50	33	25	3.9411	1.37145987216144	1	1	1	1	5	2	0	1	13	16	3	8	1	0	7.07106781186548	5.74456264653803
40	3	50	33	25	3.9411	1.37145987216144	1	3	1	1	2	5	1	2	13	17	5	5	1	1	7.07106781186548	5.74456264653803
41	2	37	24	20	4.4371	1.49000100989353	5	5	.	.	.	.	.	.	.	.	.	.	.	.	6.08276253029822	4.89897948556636
41	6	37	24	20	4.4371	1.49000100989353	1	5	1	.	5	.	0	.	13	.	3	.	2	.	6.08276253029822	4.89897948556636
41	5	37	24	20	4.4371	1.49000100989353	1	1	1	1	5	5	1	0	16	15	8	5	1	1	6.08276253029822	4.89897948556636
41	1	37	24	20	4.4371	1.49000100989353	5	1	.	1	.	5	.	1	.	15	.	15	.	1	6.08276253029822	4.89897948556636
41	4	37	24	20	4.4371	1.49000100989353	1	1	1	1	5	5	0	1	11	16	2	14	1	4	6.08276253029822	4.89897948556636
41	3	37	24	20	4.4371	1.49000100989353	1	5	1	.	5	.	1	.	17	.	6	.	1	.	6.08276253029822	4.89897948556636
42	2	45	29	21	4.8328	1.57542600984239	.	.	2	1	3	8	2	1	8	20	14	14	4	8	6.70820393249937	5.3851648071345
42	6	45	29	21	4.8328	1.57542600984239	.	.	1	.	4	.	1	.	15	.	29	.	3	.	6.70820393249937	5.3851648071345
42	5	45	29	21	4.8328	1.57542600984239	.	.	2	2	5	8	1	3	13	21	14	20	1	7	6.70820393249937	5.3851648071345
42	1	45	29	21	4.8328	1.57542600984239	.	.	2	1	4	5	3	2	13	14	11	14	13	4	6.70820393249937	5.3851648071345
42	4	45	29	21	4.8328	1.57542600984239	.	.	1	1	3	8	0	1	20	21	14	11	6	2	6.70820393249937	5.3851648071345
42	3	45	29	21	4.8328	1.57542600984239	.	.	1	1	4	5	3	1	14	15	18	11	3	6	6.70820393249937	5.3851648071345
43	2	74	38	34	4.5715	1.51984137862234	1	1	1	1	9	9	0	0	14	16	5	5	2	1	8.60232526704263	6.16441400296898
43	6	74	38	34	4.5715	1.51984137862234	1	1	1	1	9	8	0	0	20	23	3	11	3	3	8.60232526704263	6.16441400296898
43	5	74	38	34	4.5715	1.51984137862234	2	5	1	.	9	.	0	.	17	.	1	.	4	.	8.60232526704263	6.16441400296898
43	1	74	38	34	4.5715	1.51984137862234	1	1	1	1	9	9	0	0	16	19	3	5	3	1	8.60232526704263	6.16441400296898
43	4	74	38	34	4.5715	1.51984137862234	1	1	1	1	9	9	0	1	23	19	1	9	2	1	8.60232526704263	6.16441400296898
43	3	74	38	34	4.5715	1.51984137862234	1	1	1	1	9	8	1	0	25	25	5	2	1	2	8.60232526704263	6.16441400296898
44	2	31	24	20	4.8131	1.57134136716726	1	5	2	.	3	.	0	.	10	.	4	.	6	.	5.56776436283002	4.89897948556636
44	6	31	24	20	4.8131	1.57134136716726	5	1	.	2	.	3	.	0	.	10	.	10	.	1	5.56776436283002	4.89897948556636
44	5	31	24	20	4.8131	1.57134136716726	5	1	.	2	.	3	.	0	.	13	.	6	.	0	5.56776436283002	4.89897948556636
44	1	31	24	20	4.8131	1.57134136716726	1	1	2	2	5	3	1	1	16	9	8	7	1	0	5.56776436283002	4.89897948556636
44	4	31	24	20	4.8131	1.57134136716726	5	1	.	2	.	4	.	0	.	16	.	10	.	0	5.56776436283002	4.89897948556636
44	3	31	24	20	4.8131	1.57134136716726	1	5	1	.	4	.	1	.	16	.	11	.	1	.	5.56776436283002	4.89897948556636
45	2	50	30	22	4.5749	1.5205848405651	1	3	1	1	5	3	0	1	18	17	4	2	2	4	7.07106781186548	5.47722557505166
45	6	50	30	22	4.5749	1.5205848405651	1	1	1	1	4	5	0	0	16	25	3	2	3	1	7.07106781186548	5.47722557505166
45	5	50	30	22	4.5749	1.5205848405651	1	1	1	2	4	3	0	0	14	25	2	3	2	1	7.07106781186548	5.47722557505166
45	1	50	30	22	4.5749	1.5205848405651	1	1	1	1	4	5	0	0	13	21	9	6	3	1	7.07106781186548	5.47722557505166
45	4	50	30	22	4.5749	1.5205848405651	1	1	1	2	8	3	0	0	23	21	7	3	3	1	7.07106781186548	5.47722557505166
45	3	50	30	22	4.5749	1.5205848405651	1	1	1	1	3	5	1	0	12	25	5	4	2	1	7.07106781186548	5.47722557505166
46	2	47	34	30	4.6523	1.53736172096922	1	1	1	1	9	5	1	0	17	19	5	13	0	0	6.85565460040104	5.8309518948453
46	6	47	34	30	4.6523	1.53736172096922	5	1	.	1	.	9	.	0	.	23	.	12	.	0	6.85565460040104	5.8309518948453
46	5	47	34	30	4.6523	1.53736172096922	1	1	2	1	8	5	0	0	16	16	4	8	0	1	6.85565460040104	5.8309518948453
46	1	47	34	30	4.6523	1.53736172096922	1	1	1	1	9	5	0	1	15	21	4	8	0	2	6.85565460040104	5.8309518948453
46	4	47	34	30	4.6523	1.53736172096922	1	1	1	2	9	4	0	1	20	11	6	7	0	0	6.85565460040104	5.8309518948453
46	3	47	34	30	4.6523	1.53736172096922	1	1	2	1	5	5	0	0	16	22	6	7	1	0	6.85565460040104	5.8309518948453
47	2	37	26	18	5.0393	1.61726718354843	1	1	1	2	3	8	0	2	12	23	14	16	5	3	6.08276253029822	5.09901951359278
47	6	37	26	18	5.0393	1.61726718354843	5	5	.	.	.	.	.	.	.	.	.	.	.	.	6.08276253029822	5.09901951359278
47	5	37	26	18	5.0393	1.61726718354843	1	1	1	1	5	5	3	5	17	21	28	17	5	0	6.08276253029822	5.09901951359278
47	1	37	26	18	5.0393	1.61726718354843	1	3	1	1	8	5	0	0	14	16	13	12	2	5	6.08276253029822	5.09901951359278
47	4	37	26	18	5.0393	1.61726718354843	5	1	.	1	.	4	.	1	.	19	.	6	.	8	6.08276253029822	5.09901951359278
47	3	37	26	18	5.0393	1.61726718354843	1	1	1	1	8	5	3	0	20	16	15	10	3	4	6.08276253029822	5.09901951359278
48	2	24	27	23	4.5182	1.50811368444098	1	1	1	1	5	4	1	0	15	13	9	20	2	3	4.89897948556636	5.19615242270663
48	6	24	27	23	4.5182	1.50811368444098	1	1	2	1	4	3	0	0	9	11	33	0	3	0	4.89897948556636	5.19615242270663
48	5	24	27	23	4.5182	1.50811368444098	5	5	.	.	.	.	.	.	.	.	.	.	.	.	4.89897948556636	5.19615242270663
48	1	24	27	23	4.5182	1.50811368444098	1	1	1	1	4	2	3	0	23	8	13	31	4	2	4.89897948556636	5.19615242270663
48	4	24	27	23	4.5182	1.50811368444098	1	1	1	1	5	4	0	3	21	17	13	16	0	5	4.89897948556636	5.19615242270663
48	3	24	27	23	4.5182	1.50811368444098	5	1	.	1	.	8	.	2	.	20	.	25	.	1	4.89897948556636	5.19615242270663
49	2	51	28	17	4.9026	1.58976567663658	1	1	2	1	8	8	0	1	13	21	11	9	0	0	7.14142842854285	5.29150262212918
49	6	51	28	17	4.9026	1.58976567663658	1	1	2	2	3	5	.	0	11	25	0	5	0	0	7.14142842854285	5.29150262212918
49	5	51	28	17	4.9026	1.58976567663658	2	5	1	.	9	.	0	.	21	.	1	.	5	.	7.14142842854285	5.29150262212918
49	1	51	28	17	4.9026	1.58976567663658	5	1	.	1	.	3	.	1	.	17	.	5	.	1	7.14142842854285	5.29150262212918
49	4	51	28	17	4.9026	1.58976567663658	1	1	1	2	4	4	1	0	17	16	3	4	0	1	7.14142842854285	5.29150262212918
49	3	51	28	17	4.9026	1.58976567663658	1	1	2	1	4	5	0	0	13	16	3	7	3	1	7.14142842854285	5.29150262212918
50	2	35	29	25	4.1205	1.4159745152213	3	1	2	1	4	4	0	1	12	15	2	3	0	0	5.91607978309962	5.3851648071345
50	6	35	29	25	4.1205	1.4159745152213	1	1	1	1	4	3	0	0	13	8	4	2	2	0	5.91607978309962	5.3851648071345
50	5	35	29	25	4.1205	1.4159745152213	1	1	1	1	5	4	2	3	17	12	6	8	3	0	5.91607978309962	5.3851648071345
50	1	35	29	25	4.1205	1.4159745152213	1	3	1	1	5	4	0	0	15	14	3	6	1	0	5.91607978309962	5.3851648071345
50	4	35	29	25	4.1205	1.4159745152213	1	1	2	1	4	4	0	0	13	14	5	2	0	2	5.91607978309962	5.3851648071345
50	3	35	29	25	4.1205	1.4159745152213	1	1	1	1	4	4	1	2	19	18	3	6	1	0	5.91607978309962	5.3851648071345
51	2	23	19	15	4.5903	1.52394538141374	1	1	1	1	3	5	1	1	9	14	13	20	7	4	4.79583152331272	4.35889894354067
51	6	23	19	15	4.5903	1.52394538141374	1	1	2	1	5	5	1	0	12	13	29	26	4	5	4.79583152331272	4.35889894354067
51	5	23	19	15	4.5903	1.52394538141374	1	1	1	2	5	3	2	0	12	8	11	18	2	13	4.79583152331272	4.35889894354067
51	1	23	19	15	4.5903	1.52394538141374	1	5	2	.	5	.	2	.	14	.	13	.	0	.	4.79583152331272	4.35889894354067
51	4	23	19	15	4.5903	1.52394538141374	5	1	.	2	.	3	.	1	.	10	.	14	.	2	4.79583152331272	4.35889894354067
51	3	23	19	15	4.5903	1.52394538141374	1	1	1	1	5	4	2	0	12	11	12	10	6	8	4.79583152331272	4.35889894354067
52	2	57	32	28	4.6732	1.54184406186086	1	1	1	1	5	5	0	3	17	14	5	8	5	0	7.54983443527075	5.65685424949238
52	6	57	32	28	4.6732	1.54184406186086	5	1	.	2	.	4	.	1	.	9	.	14	.	2	7.54983443527075	5.65685424949238
52	5	57	32	28	4.6732	1.54184406186086	3	1	1	1	4	5	0	0	14	21	2	3	4	0	7.54983443527075	5.65685424949238
52	1	57	32	28	4.6732	1.54184406186086	1	1	1	1	4	4	0	0	13	9	7	1	0	4	7.54983443527075	5.65685424949238
52	4	57	32	28	4.6732	1.54184406186086	1	1	1	2	5	5	0	0	15	15	6	6	1	0	7.54983443527075	5.65685424949238
52	3	57	32	28	4.6732	1.54184406186086	5	1	.	1	.	8	.	0	.	25	.	5	.	0	7.54983443527075	5.65685424949238
53	2	63	43	34	3.8963	1.36002738486917	1	1	1	1	5	8	1	3	12	22	7	19	0	2	7.93725393319377	6.557438524302
53	6	63	43	34	3.8963	1.36002738486917	1	1	1	1	5	9	0	1	15	22	0	20	1	4	7.93725393319377	6.557438524302
53	5	63	43	34	3.8963	1.36002738486917	1	1	1	1	5	8	1	2	18	24	10	36	0	1	7.93725393319377	6.557438524302
53	1	63	43	34	3.8963	1.36002738486917	5	3	.	2	.	9	.	3	.	17	.	20	.	0	7.93725393319377	6.557438524302
53	4	63	43	34	3.8963	1.36002738486917	1	1	1	1	4	4	0	1	15	16	5	14	0	0	7.93725393319377	6.557438524302
53	3	63	43	34	3.8963	1.36002738486917	1	1	1	1	5	8	0	3	21	17	9	12	0	1	7.93725393319377	6.557438524302
54	2	30	22	18	4.8059	1.56984432977362	3	1	1	1	5	5	0	0	18	12	0	6	4	1	5.47722557505166	4.69041575982343
54	6	30	22	18	4.8059	1.56984432977362	1	5	2	.	3	.	0	.	11	.	8	.	0	.	5.47722557505166	4.69041575982343
54	5	30	22	18	4.8059	1.56984432977362	1	5	1	.	8	.	2	.	22	.	3	.	0	.	5.47722557505166	4.69041575982343
54	1	30	22	18	4.8059	1.56984432977362	5	1	.	1	.	8	.	0	.	21	.	1	.	0	5.47722557505166	4.69041575982343
54	4	30	22	18	4.8059	1.56984432977362	2	3	1	2	4	3	0	0	15	10	0	6	0	2	5.47722557505166	4.69041575982343
54	3	30	22	18	4.8059	1.56984432977362	1	3	1	1	5	5	1	0	18	17	5	4	1	4	5.47722557505166	4.69041575982343
55	2	66	36	31	4.7021	1.54800921743745	.	1	1	1	9	2	1	3	22	20	10	7	4	1	8.12403840463596	6
55	6	66	36	31	4.7021	1.54800921743745	.	.	2	2	5	5	1	1	19	14	10	11	6	0	8.12403840463596	6
55	5	66	36	31	4.7021	1.54800921743745	.	1	2	1	3	8	1	0	14	22	10	8	2	1	8.12403840463596	6
55	1	66	36	31	4.7021	1.54800921743745	.	1	1	2	3	3	1	1	18	18	7	23	0	0	8.12403840463596	6
55	4	66	36	31	4.7021	1.54800921743745	.	1	1	2	5	8	1	0	22	10	7	8	1	3	8.12403840463596	6
55	3	66	36	31	4.7021	1.54800921743745	.	1	1	1	8	5	1	2	25	19	12	7	0	0	8.12403840463596	6
56	2	30	23	19	3.9807	1.38145768322836	1	1	1	1	5	8	0	0	19	18	6	12	0	3	5.47722557505166	4.79583152331272
56	6	30	23	19	3.9807	1.38145768322836	1	4	1	1	4	8	0	0	13	18	16	5	3	1	5.47722557505166	4.79583152331272
56	5	30	23	19	3.9807	1.38145768322836	1	1	2	1	8	2	1	0	18	10	13	6	2	0	5.47722557505166	4.79583152331272
56	1	30	23	19	3.9807	1.38145768322836	1	1	1	1	5	2	1	0	21	8	14	5	2	2	5.47722557505166	4.79583152331272
56	4	30	23	19	3.9807	1.38145768322836	1	1	1	1	3	8	0	0	10	7	8	9	3	7	5.47722557505166	4.79583152331272
56	3	30	23	19	3.9807	1.38145768322836	1	1	1	1	5	4	2	1	20	16	16	12	0	3	5.47722557505166	4.79583152331272
57	2	22	21	17	4.7766	1.56372899634045	1	1	1	2	4	5	2	3	9	13	8	17	2	4	4.69041575982343	4.58257569495584
57	6	22	21	17	4.7766	1.56372899634045	1	5	1	.	5	.	0	.	19	.	16	.	4	.	4.69041575982343	4.58257569495584
57	5	22	21	17	4.7766	1.56372899634045	1	1	2	1	4	5	1	0	16	13	12	9	0	1	4.69041575982343	4.58257569495584
57	1	22	21	17	4.7766	1.56372899634045	1	5	1	.	5	.	1	.	18	.	11	.	0	.	4.69041575982343	4.58257569495584
57	4	22	21	17	4.7766	1.56372899634045	2	1	1	1	4	3	2	3	15	14	3	5	3	2	4.69041575982343	4.58257569495584
57	3	22	21	17	4.7766	1.56372899634045	5	5	.	.	.	.	.	.	.	.	.	.	.	.	4.69041575982343	4.58257569495584
58	2	31	26	17	4.6928	1.54602941924105	1	1	2	1	3	5	1	1	10	22	10	15	2	2	5.56776436283002	5.09901951359278
58	6	31	26	17	4.6928	1.54602941924105	1	1	1	1	4	8	3	0	25	18	17	15	1	5	5.56776436283002	5.09901951359278
58	5	31	26	17	4.6928	1.54602941924105	1	3	1	1	4	5	2	0	19	22	16	3	0	9	5.56776436283002	5.09901951359278
58	1	31	26	17	4.6928	1.54602941924105	1	1	1	1	9	4	1	4	23	19	7	18	2	3	5.56776436283002	5.09901951359278
58	4	31	26	17	4.6928	1.54602941924105	1	1	1	2	3	3	1	1	13	14	15	7	3	1	5.56776436283002	5.09901951359278
58	3	31	26	17	4.6928	1.54602941924105	1	1	1	1	9	3	0	0	21	20	8	17	1	1	5.56776436283002	5.09901951359278
59	2	44	32	28	5.0209	1.61360920050291	1	3	1	1	8	4	0	2	21	15	6	4	2	5	6.6332495807108	5.65685424949238
59	6	44	32	28	5.0209	1.61360920050291	1	1	1	1	4	5	0	1	15	14	10	8	1	2	6.6332495807108	5.65685424949238
59	5	44	32	28	5.0209	1.61360920050291	1	5	1	.	4	.	0	.	16	.	0	.	0	.	6.6332495807108	5.65685424949238
59	1	44	32	28	5.0209	1.61360920050291	5	5	.	.	.	.	.	.	.	.	.	.	.	.	6.6332495807108	5.65685424949238
59	4	44	32	28	5.0209	1.61360920050291	1	1	2	1	5	5	1	0	15	22	6	15	1	3	6.6332495807108	5.65685424949238
59	3	44	32	28	5.0209	1.61360920050291	1	1	1	1	8	9	1	2	22	18	6	11	1	3	6.6332495807108	5.65685424949238
60	2	29	23	19	4.9834	1.60611238900552	1	1	1	1	4	3	1	0	14	11	8	9	1	1	5.3851648071345	4.79583152331272
60	6	29	23	19	4.9834	1.60611238900552	5	1	.	1	.	3	.	0	.	10	.	6	.	1	5.3851648071345	4.79583152331272
60	5	29	23	19	4.9834	1.60611238900552	5	1	.	1	.	5	.	1	.	15	.	8	.	1	5.3851648071345	4.79583152331272
60	1	29	23	19	4.9834	1.60611238900552	1	5	1	.	5	.	0	.	21	.	6	.	1	.	5.3851648071345	4.79583152331272
60	4	29	23	19	4.9834	1.60611238900552	1	1	1	1	4	3	2	1	22	17	14	4	0	0	5.3851648071345	4.79583152331272
60	3	29	23	19	4.9834	1.60611238900552	1	5	1	.	5	.	1	.	19	.	9	.	0	.	5.3851648071345	4.79583152331272
61	2	74	46	30	4.8011	1.56884505832584	1	1	1	1	4	5	2	2	15	22	7	9	0	0	8.60232526704263	6.78232998312527
61	6	74	46	30	4.8011	1.56884505832584	5	3	.	2	.	2	.	1	.	23	.	4	.	2	8.60232526704263	6.78232998312527
61	5	74	46	30	4.8011	1.56884505832584	1	1	1	2	5	5	1	1	22	11	11	3	0	1	8.60232526704263	6.78232998312527
61	1	74	46	30	4.8011	1.56884505832584	1	1	1	1	9	8	2	1	18	19	8	3	0	0	8.60232526704263	6.78232998312527
61	4	74	46	30	4.8011	1.56884505832584	1	1	1	1	3	4	1	1	11	17	5	2	1	1	8.60232526704263	6.78232998312527
61	3	74	46	30	4.8011	1.56884505832584	1	1	2	2	3	3	1	.	10	18	6	0	1	0	8.60232526704263	6.78232998312527
62	2	50	23	19	4.9916	1.60775649965156	1	5	2	.	3	.	0	.	21	.	3	.	0	.	7.07106781186548	4.79583152331272
62	6	50	23	19	4.9916	1.60775649965156	1	3	1	2	9	5	0	0	20	16	3	2	1	0	7.07106781186548	4.79583152331272
62	5	50	23	19	4.9916	1.60775649965156	5	1	.	1	.	8	.	0	.	18	.	3	.	1	7.07106781186548	4.79583152331272
62	1	50	23	19	4.9916	1.60775649965156	1	1	2	1	9	9	0	1	22	22	3	4	0	0	7.07106781186548	4.79583152331272
62	4	50	23	19	4.9916	1.60775649965156	1	1	2	1	9	5	0	0	20	14	7	1	0	0	7.07106781186548	4.79583152331272
62	3	50	23	19	4.9916	1.60775649965156	1	3	2	1	9	5	1	0	22	16	5	0	0	1	7.07106781186548	4.79583152331272
63	2	67	30	26	5.0103	1.61149579354354	1	1	1	1	4	4	0	0	15	20	6	13	0	8	8.18535277187245	5.47722557505166
63	6	67	30	26	5.0103	1.61149579354354	1	5	2	.	4	.	1	.	13	.	14	.	7	.	8.18535277187245	5.47722557505166
63	5	67	30	26	5.0103	1.61149579354354	5	5	.	.	.	.	.	.	.	.	.	.	.	.	8.18535277187245	5.47722557505166
63	1	67	30	26	5.0103	1.61149579354354	1	1	1	1	3	5	1	1	13	14	10	5	3	2	8.18535277187245	5.47722557505166
63	4	67	30	26	5.0103	1.61149579354354	1	1	1	1	4	5	0	2	19	21	8	16	0	2	8.18535277187245	5.47722557505166
63	3	67	30	26	5.0103	1.61149579354354	1	1	1	1	5	4	0	4	22	15	1	7	0	2	8.18535277187245	5.47722557505166
64	2	42	38	32	4.8847	1.58610787112172	3	5	1	.	5	.	1	.	25	.	2	.	1	.	6.48074069840786	6.16441400296898
64	6	42	38	32	4.8847	1.58610787112172	1	1	2	2	5	5	0	0	18	19	6	10	3	0	6.48074069840786	6.16441400296898
64	5	42	38	32	4.8847	1.58610787112172	2	1	.	2	.	5	.	0	.	18	.	9	.	0	6.48074069840786	6.16441400296898
64	1	42	38	32	4.8847	1.58610787112172	1	3	1	1	8	8	0	1	25	20	12	10	2	1	6.48074069840786	6.16441400296898
64	4	42	38	32	4.8847	1.58610787112172	3	1	1	1	5	5	4	2	23	21	12	9	0	2	6.48074069840786	6.16441400296898
64	3	42	38	32	4.8847	1.58610787112172	1	1	1	1	5	5	1	0	25	21	12	11	1	1	6.48074069840786	6.16441400296898
65	2	61	28	21	4.7503	1.55820777394691	1	1	1	1	5	5	2	3	23	17	3	17	1	0	7.81024967590665	5.29150262212918
65	6	61	28	21	4.7503	1.55820777394691	3	5	1	.	3	.	0	.	11	.	1	.	6	.	7.81024967590665	5.29150262212918
65	5	61	28	21	4.7503	1.55820777394691	1	1	1	1	5	5	2	1	21	19	13	15	2	0	7.81024967590665	5.29150262212918
65	1	61	28	21	4.7503	1.55820777394691	1	3	1	1	5	5	1	0	16	18	4	9	1	1	7.81024967590665	5.29150262212918
65	4	61	28	21	4.7503	1.55820777394691	1	1	2	2	5	8	1	3	20	24	9	19	2	1	7.81024967590665	5.29150262212918
65	3	61	28	21	4.7503	1.55820777394691	1	3	1	1	5	5	0	1	19	16	3	11	1	3	7.81024967590665	5.29150262212918
66	2	43	27	19	4.9866	1.6067543148049	1	5	1	.	8	.	0	.	23	.	1	.	0	.	6.557438524302	5.19615242270663
66	6	43	27	19	4.9866	1.6067543148049	5	5	.	.	.	.	.	.	.	.	.	.	.	.	6.557438524302	5.19615242270663
66	5	43	27	19	4.9866	1.6067543148049	1	1	1	1	8	5	1	1	23	17	2	2	0	0	6.557438524302	5.19615242270663
66	1	43	27	19	4.9866	1.6067543148049	1	1	1	1	4	5	0	1	11	22	3	2	0	1	6.557438524302	5.19615242270663
66	4	43	27	19	4.9866	1.6067543148049	5	1	.	2	.	3	.	1	.	21	.	4	.	1	6.557438524302	5.19615242270663
66	3	43	27	19	4.9866	1.6067543148049	1	1	1	1	5	5	1	.	21	20	5	0	0	0	6.557438524302	5.19615242270663
67	2	73	35	23	5.0594	1.62124789919346	1	5	2	.	4	.	3	.	12	.	15	.	2	.	8.54400374531753	5.91607978309962
67	6	73	35	23	5.0594	1.62124789919346	1	1	1	2	4	4	0	2	13	14	4	11	2	3	8.54400374531753	5.91607978309962
67	5	73	35	23	5.0594	1.62124789919346	1	5	1	.	8	.	1	.	13	.	15	.	0	.	8.54400374531753	5.91607978309962
67	1	73	35	23	5.0594	1.62124789919346	1	1	2	2	5	5	2	2	19	12	17	6	0	2	8.54400374531753	5.91607978309962
67	4	73	35	23	5.0594	1.62124789919346	5	1	.	1	.	8	.	2	.	18	.	9	.	2	8.54400374531753	5.91607978309962
67	3	73	35	23	5.0594	1.62124789919346	1	1	1	1	3	8	2	1	12	22	12	7	1	0	8.54400374531753	5.91607978309962
68	2	49	29	25	4.5448	1.51398372226078	1	1	1	2	5	3	0	0	24	19	3	6	1	4	7	5.3851648071345
68	6	49	29	25	4.5448	1.51398372226078	3	1	1	1	5	9	0	0	23	13	5	6	1	1	7	5.3851648071345
68	5	49	29	25	4.5448	1.51398372226078	5	3	.	1	.	5	.	2	.	21	.	16	.	6	7	5.3851648071345
68	1	49	29	25	4.5448	1.51398372226078	2	5	2	.	4	.	0	.	17	.	4	.	8	.	7	5.3851648071345
68	4	49	29	25	4.5448	1.51398372226078	1	1	1	1	5	9	0	2	19	25	6	9	0	2	7	5.3851648071345
68	3	49	29	25	4.5448	1.51398372226078	1	1	1	2	9	5	1	0	25	15	4	5	0	4	7	5.3851648071345
69	2	24	30	18	4.6276	1.5320383751726	1	1	1	1	5	5	0	0	23	17	10	7	1	0	4.89897948556636	5.47722557505166
69	6	24	30	18	4.6276	1.5320383751726	1	1	1	1	4	5	0	0	17	16	4	3	7	1	4.89897948556636	5.47722557505166
69	5	24	30	18	4.6276	1.5320383751726	5	1	.	1	.	2	.	0	.	13	.	8	.	6	4.89897948556636	5.47722557505166
69	1	24	30	18	4.6276	1.5320383751726	1	1	1	2	5	4	0	0	25	20	13	10	1	0	4.89897948556636	5.47722557505166
69	4	24	30	18	4.6276	1.5320383751726	1	1	1	1	2	1	0	0	13	19	10	15	0	3	4.89897948556636	5.47722557505166
69	3	24	30	18	4.6276	1.5320383751726	1	1	1	1	8	2	0	0	16	15	7	7	6	0	4.89897948556636	5.47722557505166
70	2	56	29	22	4.9825	1.60593177310481	1	1	1	1	5	4	0	2	18	16	7	10	3	5	7.48331477354788	5.3851648071345
70	6	56	29	22	4.9825	1.60593177310481	5	5	.	.	.	.	.	.	.	.	.	.	.	.	7.48331477354788	5.3851648071345
70	5	56	29	22	4.9825	1.60593177310481	3	1	1	2	4	5	2	2	13	18	9	14	1	1	7.48331477354788	5.3851648071345
70	1	56	29	22	4.9825	1.60593177310481	1	1	1	1	5	5	3	2	19	14	10	5	2	4	7.48331477354788	5.3851648071345
70	4	56	29	22	4.9825	1.60593177310481	1	5	2	.	5	.	1	.	18	.	16	.	2	.	7.48331477354788	5.3851648071345
70	3	56	29	22	4.9825	1.60593177310481	1	3	1	1	5	5	2	0	16	18	8	2	2	5	7.48331477354788	5.3851648071345
71	2	42	45	31	4.8121	1.57113357927639	1	1	1	2	1	3	1	2	8	15	5	7	0	0	6.48074069840786	6.70820393249937
71	6	42	45	31	4.8121	1.57113357927639	1	5	1	.	1	.	0	.	11	.	4	.	0	.	6.48074069840786	6.70820393249937
71	5	42	45	31	4.8121	1.57113357927639	1	5	1	.	3	.	1	.	10	.	8	.	0	.	6.48074069840786	6.70820393249937
71	1	42	45	31	4.8121	1.57113357927639	2	1	1	1	3	1	0	0	12	10	5	6	2	0	6.48074069840786	6.70820393249937
71	4	42	45	31	4.8121	1.57113357927639	1	1	2	1	4	5	1	4	12	22	6	10	1	1	6.48074069840786	6.70820393249937
71	3	42	45	31	4.8121	1.57113357927639	1	1	1	1	3	3	1	3	9	17	4	17	2	2	6.48074069840786	6.70820393249937
72	2	39	32	28	4.8965	1.58852066417871	1	1	1	1	1	1	1	1	18	25	6	5	0	0	6.2449979983984	5.65685424949238
72	6	39	32	28	4.8965	1.58852066417871	1	3	2	1	3	4	0	1	21	24	2	13	1	1	6.2449979983984	5.65685424949238
72	5	39	32	28	4.8965	1.58852066417871	1	1	2	1	3	1	0	0	21	21	1	0	0	0	6.2449979983984	5.65685424949238
72	1	39	32	28	4.8965	1.58852066417871	1	1	2	1	1	1	0	2	6	9	5	7	1	0	6.2449979983984	5.65685424949238
72	4	39	32	28	4.8965	1.58852066417871	1	1	2	1	3	4	0	2	8	9	3	13	1	0	6.2449979983984	5.65685424949238
72	3	39	32	28	4.8965	1.58852066417871	1	1	2	1	1	3	1	0	19	22	4	4	0	0	6.2449979983984	5.65685424949238
73	2	50	27	23	4.7949	1.56755285306058	1	1	1	1	4	5	1	1	12	13	12	7	1	2	7.07106781186548	5.19615242270663
73	6	50	27	23	4.7949	1.56755285306058	3	1	1	1	8	9	0	0	20	18	10	7	0	2	7.07106781186548	5.19615242270663
73	5	50	27	23	4.7949	1.56755285306058	2	2	1	1	4	5	1	0	12	19	2	10	3	5	7.07106781186548	5.19615242270663
73	1	50	27	23	4.7949	1.56755285306058	1	2	1	1	5	3	1	2	18	9	8	9	1	2	7.07106781186548	5.19615242270663
73	4	50	27	23	4.7949	1.56755285306058	1	1	1	1	3	4	0	0	13	17	15	22	0	4	7.07106781186548	5.19615242270663
73	3	50	27	23	4.7949	1.56755285306058	1	1	1	1	9	8	1	3	23	20	8	12	10	1	7.07106781186548	5.19615242270663
74	2	20	19	15	4.5816	1.52204828209751	1	1	1	1	8	8	0	1	15	22	1	3	0	0	4.47213595499958	4.35889894354067
74	6	20	19	15	4.5816	1.52204828209751	1	1	1	2	9	3	0	0	22	15	4	4	0	0	4.47213595499958	4.35889894354067
74	5	20	19	15	4.5816	1.52204828209751	1	1	2	2	4	3	0	0	16	7	3	2	1	0	4.47213595499958	4.35889894354067
74	1	20	19	15	4.5816	1.52204828209751	1	1	2	1	8	4	1	0	19	11	6	6	0	2	4.47213595499958	4.35889894354067
74	4	20	19	15	4.5816	1.52204828209751	1	1	1	1	5	4	0	1	17	17	3	5	0	0	4.47213595499958	4.35889894354067
74	3	20	19	15	4.5816	1.52204828209751	3	3	2	1	4	5	1	2	11	13	4	7	0	0	4.47213595499958	4.35889894354067
75	2	35	30	26	4.5897	1.52381466245931	1	5	1	.	5	.	1	.	20	.	5	.	0	.	5.91607978309962	5.47722557505166
75	6	35	30	26	4.5897	1.52381466245931	5	1	.	1	.	8	.	0	.	19	.	13	.	0	5.91607978309962	5.47722557505166
75	5	35	30	26	4.5897	1.52381466245931	1	1	1	2	5	3	0	0	11	9	10	19	0	2	5.91607978309962	5.47722557505166
75	1	35	30	26	4.5897	1.52381466245931	3	1	1	1	3	8	0	0	14	13	2	12	5	1	5.91607978309962	5.47722557505166
75	4	35	30	26	4.5897	1.52381466245931	1	1	1	1	3	4	0	0	10	14	13	11	1	8	5.91607978309962	5.47722557505166
75	3	35	30	26	4.5897	1.52381466245931	1	5	1	.	4	.	0	.	15	.	10	.	2	.	5.91607978309962	5.47722557505166
76	2	30	39	29	4.6415	1.53503758985785	1	1	1	2	3	3	0	1	15	13	2	3	2	4	5.47722557505166	6.2449979983984
76	6	30	39	29	4.6415	1.53503758985785	5	5	.	.	.	.	.	.	.	.	.	.	.	.	5.47722557505166	6.2449979983984
76	5	30	39	29	4.6415	1.53503758985785	1	1	1	1	4	2	1	0	18	17	10	7	0	2	5.47722557505166	6.2449979983984
76	1	30	39	29	4.6415	1.53503758985785	1	5	2	.	5	.	0	.	19	.	5	.	1	.	5.47722557505166	6.2449979983984
76	4	30	39	29	4.6415	1.53503758985785	5	1	.	2	.	4	.	1	.	18	.	4	.	1	5.47722557505166	6.2449979983984
76	3	30	39	29	4.6415	1.53503758985785	1	3	2	2	3	2	2	0	15	12	6	3	0	2	5.47722557505166	6.2449979983984
77	2	44	50	38	4.9026	1.58976567663658	1	5	2	.	5	.	0	.	9	.	6	.	1	.	6.6332495807108	7.07106781186548
77	6	44	50	38	4.9026	1.58976567663658	1	5	1	.	5	.	0	.	11	.	14	.	3	.	6.6332495807108	7.07106781186548
77	5	44	50	38	4.9026	1.58976567663658	1	1	1	1	5	5	0	0	14	16	8	15	1	0	6.6332495807108	7.07106781186548
77	1	44	50	38	4.9026	1.58976567663658	1	5	1	.	5	.	1	.	14	.	16	.	1	.	6.6332495807108	7.07106781186548
77	4	44	50	38	4.9026	1.58976567663658	1	1	2	2	5	9	1	0	8	23	7	6	0	6	6.6332495807108	7.07106781186548
77	3	44	50	38	4.9026	1.58976567663658	5	1	.	2	.	5	.	1	.	15	.	8	.	0	6.6332495807108	7.07106781186548
78	2	77	33	28	4.9765	1.60472683270398	1	1	1	2	5	4	0	1	14	12	12	6	1	3	8.77496438739212	5.74456264653803
78	6	77	33	28	4.9765	1.60472683270398	5	1	.	1	.	4	.	1	.	16	.	5	.	1	8.77496438739212	5.74456264653803
78	5	77	33	28	4.9765	1.60472683270398	1	1	2	1	4	4	1	1	12	14	22	16	4	5	8.77496438739212	5.74456264653803
78	1	77	33	28	4.9765	1.60472683270398	5	1	.	1	.	4	.	1	.	14	.	14	.	2	8.77496438739212	5.74456264653803
78	4	77	33	28	4.9765	1.60472683270398	1	1	2	1	4	5	0	0	13	17	9	11	6	5	8.77496438739212	5.74456264653803
78	3	77	33	28	4.9765	1.60472683270398	1	1	1	1	5	8	1	1	16	15	7	10	1	1	8.77496438739212	5.74456264653803
79	2	42	27	21	4.814	1.57152833936088	1	1	1	1	4	3	0	2	21	22	5	5	2	1	6.48074069840786	5.19615242270663
79	6	42	27	21	4.814	1.57152833936088	5	1	.	2	.	9	.	0	.	25	.	6	.	2	6.48074069840786	5.19615242270663
79	5	42	27	21	4.814	1.57152833936088	1	1	1	1	4	8	0	0	17	19	5	4	3	2	6.48074069840786	5.19615242270663
79	1	42	27	21	4.814	1.57152833936088	1	5	1	.	5	.	0	.	19	.	6	.	3	.	6.48074069840786	5.19615242270663
79	4	42	27	21	4.814	1.57152833936088	1	1	2	2	5	4	0	0	16	17	4	5	2	1	6.48074069840786	5.19615242270663
79	3	42	27	21	4.814	1.57152833936088	1	1	2	1	3	3	0	0	9	24	2	7	2	1	6.48074069840786	5.19615242270663
80	2	33	22	18	4.3149	1.46207414929582	1	1	1	1	9	9	3	1	24	24	8	9	0	2	5.74456264653803	4.69041575982343
80	6	33	22	18	4.3149	1.46207414929582	5	5	.	.	.	.	.	.	.	.	.	.	.	.	5.74456264653803	4.69041575982343
80	5	33	22	18	4.3149	1.46207414929582	3	1	1	1	5	9	0	0	23	23	11	9	5	3	5.74456264653803	4.69041575982343
80	1	33	22	18	4.3149	1.46207414929582	1	2	1	1	9	9	0	0	25	23	6	5	3	1	5.74456264653803	4.69041575982343
80	4	33	22	18	4.3149	1.46207414929582	1	1	1	1	5	8	0	1	21	24	7	8	6	2	5.74456264653803	4.69041575982343
80	3	33	22	18	4.3149	1.46207414929582	1	1	1	1	9	9	3	2	25	21	16	11	0	2	5.74456264653803	4.69041575982343
81	2	60	30	26	4.8951	1.588234704783	1	1	1	1	5	8	2	2	15	17	6	8	0	2	7.74596669241483	5.47722557505166
81	6	60	30	26	4.8951	1.588234704783	1	1	1	1	4	8	0	1	15	15	6	10	3	0	7.74596669241483	5.47722557505166
81	5	60	30	26	4.8951	1.588234704783	1	1	1	1	8	5	1	1	18	14	11	6	0	1	7.74596669241483	5.47722557505166
81	1	60	30	26	4.8951	1.588234704783	1	1	1	1	4	4	0	3	11	17	5	16	4	2	7.74596669241483	5.47722557505166
81	4	60	30	26	4.8951	1.588234704783	5	1	.	1	.	5	.	1	.	19	.	7	.	0	7.74596669241483	5.47722557505166
81	3	60	30	26	4.8951	1.588234704783	1	1	1	1	5	5	1	1	15	17	8	5	0	2	7.74596669241483	5.47722557505166
82	2	28	24	20	4.7174	1.55125780036764	1	1	1	1	4	5	0	2	9	22	6	8	4	0	5.29150262212918	4.89897948556636
82	6	28	24	20	4.7174	1.55125780036764	1	1	1	1	4	8	0	0	16	23	10	16	2	3	5.29150262212918	4.89897948556636
82	5	28	24	20	4.7174	1.55125780036764	1	5	2	.	4	.	0	.	10	.	3	.	1	.	5.29150262212918	4.89897948556636
82	1	28	24	20	4.7174	1.55125780036764	5	1	.	2	.	2	.	3	.	9	.	10	.	1	5.29150262212918	4.89897948556636
82	4	28	24	20	4.7174	1.55125780036764	1	1	2	1	4	4	0	0	9	15	3	7	4	1	5.29150262212918	4.89897948556636
82	3	28	24	20	4.7174	1.55125780036764	1	1	1	1	4	5	1	0	19	19	7	4	3	3	5.29150262212918	4.89897948556636
83	2	53	21	15	4.6867	1.54472871006465	1	1	2	1	8	5	1	4	24	25	5	6	0	0	7.28010988928052	4.58257569495584
83	6	53	21	15	4.6867	1.54472871006465	1	5	1	.	5	.	1	.	19	.	3	.	0	.	7.28010988928052	4.58257569495584
83	5	53	21	15	4.6867	1.54472871006465	5	1	.	1	.	3	.	0	.	16	.	5	.	2	7.28010988928052	4.58257569495584
83	1	53	21	15	4.6867	1.54472871006465	1	3	2	1	8	4	0	0	21	25	5	4	1	0	7.28010988928052	4.58257569495584
83	4	53	21	15	4.6867	1.54472871006465	1	5	1	.	8	.	2	.	18	.	4	.	0	.	7.28010988928052	4.58257569495584
83	3	53	21	15	4.6867	1.54472871006465	1	1	2	2	5	3	1	1	19	18	3	4	0	1	7.28010988928052	4.58257569495584
84	2	30	39	29	4.9026	1.58976567663658	1	1	1	1	3	3	1	1	11	17	6	6	0	1	5.47722557505166	6.2449979983984
84	6	30	39	29	4.9026	1.58976567663658	1	1	1	1	1	2	0	0	17	12	4	9	0	1	5.47722557505166	6.2449979983984
84	5	30	39	29	4.9026	1.58976567663658	5	1	.	1	.	3	.	0	.	15	.	10	.	3	5.47722557505166	6.2449979983984
84	1	30	39	29	4.9026	1.58976567663658	1	1	1	1	1	2	0	2	13	14	6	7	1	1	5.47722557505166	6.2449979983984
84	4	30	39	29	4.9026	1.58976567663658	1	1	1	1	1	5	0	3	20	20	3	11	1	3	5.47722557505166	6.2449979983984
84	3	30	39	29	4.9026	1.58976567663658	1	5	1	.	4	.	1	.	12	.	6	.	2	.	5.47722557505166	6.2449979983984
85	2	80	49	45	4.7631	1.56089871676944	3	1	1	1	8	9	1	0	25	25	4	1	0	1	8.94427190999916	7
85	6	80	49	45	4.7631	1.56089871676944	3	1	2	1	9	8	1	0	25	24	5	5	1	1	8.94427190999916	7
85	5	80	49	45	4.7631	1.56089871676944	1	1	1	2	9	4	2	0	20	14	3	5	1	1	8.94427190999916	7
85	1	80	49	45	4.7631	1.56089871676944	1	1	2	1	8	9	1	0	19	13	3	4	4	1	8.94427190999916	7
85	4	80	49	45	4.7631	1.56089871676944	1	1	1	1	5	4	2	1	14	24	3	6	0	3	8.94427190999916	7
85	3	80	49	45	4.7631	1.56089871676944	3	1	1	1	9	3	2	0	25	12	5	6	3	1	8.94427190999916	7
86	2	26	26	22	4.6914	1.54573104537639	1	1	2	2	4	8	1	0	18	18	8	20	0	4	5.09901951359278	5.09901951359278
86	6	26	26	22	4.6914	1.54573104537639	1	1	2	2	8	8	0	1	21	13	10	9	13	0	5.09901951359278	5.09901951359278
86	5	26	26	22	4.6914	1.54573104537639	1	1	1	1	3	5	1	0	16	19	11	10	1	2	5.09901951359278	5.09901951359278
86	1	26	26	22	4.6914	1.54573104537639	1	1	2	1	5	4	1	2	17	16	6	14	1	0	5.09901951359278	5.09901951359278
86	4	26	26	22	4.6914	1.54573104537639	1	1	1	1	4	5	1	1	12	20	9	16	2	1	5.09901951359278	5.09901951359278
86	3	26	26	22	4.6914	1.54573104537639	1	5	1	.	8	.	1	.	24	.	13	.	6	.	5.09901951359278	5.09901951359278
87	2	32	24	20	4.3224	1.46381080354772	1	1	2	1	5	8	0	2	17	20	6	21	0	3	5.65685424949238	4.89897948556636
87	6	32	24	20	4.3224	1.46381080354772	2	1	1	2	8	5	0	0	17	15	2	10	0	2	5.65685424949238	4.89897948556636
87	5	32	24	20	4.3224	1.46381080354772	1	1	2	2	5	4	0	0	16	12	7	4	4	1	5.65685424949238	4.89897948556636
87	1	32	24	20	4.3224	1.46381080354772	1	1	1	2	8	4	0	2	17	15	9	10	5	0	5.65685424949238	4.89897948556636
87	4	32	24	20	4.3224	1.46381080354772	2	1	1	1	5	5	0	0	14	16	0	9	3	2	5.65685424949238	4.89897948556636
87	3	32	24	20	4.3224	1.46381080354772	1	1	1	1	8	8	0	2	17	15	8	7	1	1	5.65685424949238	4.89897948556636
88	2	55	.	.	4.6043	1.52699064946657	1	1	1	1	5	5	1	1	17	18	5	8	0	0	7.41619848709566	.
88	6	55	.	.	4.6043	1.52699064946657	5	1	.	1	.	5	.	0	.	16	.	8	.	0	7.41619848709566	.
88	5	55	.	.	4.6043	1.52699064946657	1	1	1	1	5	4	1	0	14	16	8	7	0	0	7.41619848709566	.
88	1	55	.	.	4.6043	1.52699064946657	1	3	1	1	5	5	0	1	13	11	7	4	0	1	7.41619848709566	.
88	4	55	.	.	4.6043	1.52699064946657	1	1	1	1	5	3	1	1	12	10	6	12	1	0	7.41619848709566	.
88	3	55	.	.	4.6043	1.52699064946657	1	3	1	1	5	1	1	0	13	21	5	4	0	1	7.41619848709566	.
89	2	59	32	28	4.8189	1.57254568624969	1	1	1	1	5	8	0	1	15	24	3	3	0	1	7.68114574786861	5.65685424949238
89	6	59	32	28	4.8189	1.57254568624969	1	5	1	.	4	.	0	.	13	.	5	.	1	.	7.68114574786861	5.65685424949238
89	5	59	32	28	4.8189	1.57254568624969	5	1	.	1	.	4	.	0	.	10	.	2	.	1	7.68114574786861	5.65685424949238
89	1	59	32	28	4.8189	1.57254568624969	1	5	1	.	5	.	1	.	22	.	6	.	0	.	7.68114574786861	5.65685424949238
89	4	59	32	28	4.8189	1.57254568624969	1	1	1	1	4	5	1	1	20	24	4	2	0	1	7.68114574786861	5.65685424949238
89	3	59	32	28	4.8189	1.57254568624969	5	1	.	1	.	9	.	0	.	19	.	3	.	1	7.68114574786861	5.65685424949238
90	2	22	23	19	4.8223	1.57325099267233	1	1	1	1	5	5	0	0	19	13	1	3	1	0	4.69041575982343	4.79583152331272
90	6	22	23	19	4.8223	1.57325099267233	5	1	.	1	.	8	.	0	.	18	.	4	.	0	4.69041575982343	4.79583152331272
90	5	22	23	19	4.8223	1.57325099267233	1	1	1	2	5	4	0	0	15	10	1	4	0	1	4.69041575982343	4.79583152331272
90	1	22	23	19	4.8223	1.57325099267233	5	5	.	.	.	.	.	.	.	.	.	.	.	.	4.69041575982343	4.79583152331272
90	4	22	23	19	4.8223	1.57325099267233	1	1	2	1	8	4	0	0	24	10	1	5	1	2	4.69041575982343	4.79583152331272
90	3	22	23	19	4.8223	1.57325099267233	1	1	2	1	4	4	0	0	13	13	3	0	1	0	4.69041575982343	4.79583152331272
91	2	38	26	22	4.4687	1.4970975385864	1	1	1	1	5	4	1	1	14	13	5	5	0	0	6.16441400296898	5.09901951359278
91	6	38	26	22	4.4687	1.4970975385864	1	1	1	1	5	5	0	1	17	16	4	6	1	0	6.16441400296898	5.09901951359278
91	5	38	26	22	4.4687	1.4970975385864	3	5	1	.	4	.	0	.	13	.	0	.	0	.	6.16441400296898	5.09901951359278
91	1	38	26	22	4.4687	1.4970975385864	5	3	.	1	.	3	.	1	.	15	.	5	.	0	6.16441400296898	5.09901951359278
91	4	38	26	22	4.4687	1.4970975385864	1	1	1	1	3	8	0	1	5	15	2	5	0	0	6.16441400296898	5.09901951359278
91	3	38	26	22	4.4687	1.4970975385864	1	3	1	1	5	3	1	1	16	15	3	4	0	0	6.16441400296898	5.09901951359278
92	2	42	22	18	4.925	1.59432427462405	3	1	1	1	5	4	1	1	16	23	4	6	2	1	6.48074069840786	4.69041575982343
92	6	42	22	18	4.925	1.59432427462405	1	1	1	1	8	9	1	0	21	21	8	9	1	1	6.48074069840786	4.69041575982343
92	5	42	22	18	4.925	1.59432427462405	1	1	1	1	3	8	2	0	14	17	5	6	0	1	6.48074069840786	4.69041575982343
92	1	42	22	18	4.925	1.59432427462405	4	1	2	1	1	8	0	0	12	20	1	0	1	0	6.48074069840786	4.69041575982343
92	4	42	22	18	4.925	1.59432427462405	1	1	1	1	4	8	1	4	16	17	7	8	1	1	6.48074069840786	4.69041575982343
92	3	42	22	18	4.925	1.59432427462405	1	5	1	1	8	8	1	2	22	20	5	9	0	1	6.48074069840786	4.69041575982343
93	2	41	35	23	4.9856	1.60655375725424	1	1	2	1	5	4	1	0	18	22	7	8	1	5	6.40312423743285	5.91607978309962
93	6	41	35	23	4.9856	1.60655375725424	1	3	1	1	5	5	0	0	20	19	8	17	1	1	6.40312423743285	5.91607978309962
93	5	41	35	23	4.9856	1.60655375725424	3	1	1	2	4	4	0	0	14	16	11	11	2	3	6.40312423743285	5.91607978309962
93	1	41	35	23	4.9856	1.60655375725424	1	3	1	1	4	4	0	0	15	13	7	8	2	1	6.40312423743285	5.91607978309962
93	4	41	35	23	4.9856	1.60655375725424	1	1	1	1	4	3	0	1	18	19	4	13	4	3	6.40312423743285	5.91607978309962
93	3	41	35	23	4.9856	1.60655375725424	1	3	1	1	5	8	0	0	18	20	7	8	3	1	6.40312423743285	5.91607978309962
94	2	27	18	14	4.5469	1.51444568207849	1	1	1	1	5	9	1	2	18	20	7	17	0	9	5.19615242270663	4.24264068711929
94	6	27	18	14	4.5469	1.51444568207849	1	1	2	2	5	1	0	0	12	6	11	5	2	3	5.19615242270663	4.24264068711929
94	5	27	18	14	4.5469	1.51444568207849	2	1	1	1	1	9	1	1	16	24	4	12	1	4	5.19615242270663	4.24264068711929
94	1	27	18	14	4.5469	1.51444568207849	1	2	2	.	2	.	0	.	13	.	5	.	2	.	5.19615242270663	4.24264068711929
94	4	27	18	14	4.5469	1.51444568207849	1	1	1	1	3	9	0	2	11	18	4	11	0	2	5.19615242270663	4.24264068711929
94	3	27	18	14	4.5469	1.51444568207849	1	1	1	1	4	9	1	3	18	20	10	17	0	2	5.19615242270663	4.24264068711929
95	2	41	30	22	4.6531	1.53753366414243	1	1	1	1	2	3	0	1	15	12	13	12	6	3	6.40312423743285	5.47722557505166
95	6	41	30	22	4.6531	1.53753366414243	1	5	2	1	2	2	0	.	9	10	8	0	1	0	6.40312423743285	5.47722557505166
95	5	41	30	22	4.6531	1.53753366414243	5	1	.	1	.	4	.	3	.	15	.	15	.	0	6.40312423743285	5.47722557505166
95	1	41	30	22	4.6531	1.53753366414243	1	5	1	.	3	.	1	.	17	.	9	.	1	.	6.40312423743285	5.47722557505166
95	4	41	30	22	4.6531	1.53753366414243	1	1	2	1	2	3	1	2	11	15	7	16	1	0	6.40312423743285	5.47722557505166
95	3	41	30	22	4.6531	1.53753366414243	1	3	1	2	8	2	0	0	17	11	13	5	0	0	6.40312423743285	5.47722557505166
96	2	33	35	27	.	.	.	.	1	1	8	9	4	1	23	25	13	8	4	11	5.74456264653803	5.91607978309962
96	6	33	35	27	.	.	.	.	.	.	.	.	.	.	.	.	.	.	.	.	5.74456264653803	5.91607978309962
96	5	33	35	27	.	.	.	.	1	1	8	8	0	0	25	22	9	15	1	1	5.74456264653803	5.91607978309962
96	1	33	35	27	.	.	.	.	1	1	8	8	0	2	20	21	5	9	4	1	5.74456264653803	5.91607978309962
96	4	33	35	27	.	.	.	.	1	.	5	.	1	.	16	.	4	.	7	.	5.74456264653803	5.91607978309962
96	3	33	35	27	.	.	.	.	1	1	8	8	1	0	25	23	8	8	2	4	5.74456264653803	5.91607978309962
1	2	28	22	18	.	.	.	.	1	2	5	4	2	0	20	19	25	5	7	3	5.29150262212918	4.69041575982343
1	6	28	22	18	.	.	.	.	1	1	9	9	0	1	25	25	32	17	5	4	5.29150262212918	4.69041575982343
1	5	28	22	18	.	.	.	.	2	1	8	5	0	0	25	22	8	13	1	1	5.29150262212918	4.69041575982343
1	1	28	22	18	.	.	.	.	2	.	5	.	1	.	17	.	12	.	3	.	5.29150262212918	4.69041575982343
1	4	28	22	18	.	.	.	.	2	1	5	4	0	2	23	24	7	8	9	5	5.29150262212918	4.69041575982343
1	3	28	22	18	.	.	.	.	1	1	8	5	2	0	25	20	7	11	1	1	5.29150262212918	4.69041575982343
2	2	52	27	23	.	.	.	.	2	2	8	8	1	2	19	25	6	3	1	3	7.21110255092798	5.19615242270663
2	6	52	27	23	.	.	.	.	.	2	.	5	.	3	.	17	.	8	.	2	7.21110255092798	5.19615242270663
2	5	52	27	23	.	.	.	.	1	2	9	5	1	1	23	22	9	6	1	1	7.21110255092798	5.19615242270663
2	1	52	27	23	.	.	.	.	1	1	5	8	1	4	24	19	3	15	4	7	7.21110255092798	5.19615242270663
2	4	52	27	23	.	.	.	.	1	1	9	9	1	1	18	25	3	8	2	2	7.21110255092798	5.19615242270663
2	3	52	27	23	.	.	.	.	1	2	3	4	1	0	15	18	2	8	1	4	7.21110255092798	5.19615242270663
3	2	27	24	20	.	.	.	.	1	1	8	5	1	1	25	22	4	7	9	5	5.19615242270663	4.89897948556636
3	6	27	24	20	.	.	.	.	1	1	5	4	0	0	15	13	7	20	5	5	5.19615242270663	4.89897948556636
3	5	27	24	20	.	.	.	.	1	1	4	5	2	0	13	15	16	7	3	4	5.19615242270663	4.89897948556636
3	1	27	24	20	.	.	.	.	.	1	.	8	.	3	.	20	.	14	.	3	5.19615242270663	4.89897948556636
3	4	27	24	20	.	.	.	.	1	1	5	3	0	0	19	13	9	3	11	8	5.19615242270663	4.89897948556636
3	3	27	24	20	.	.	.	.	1	1	4	8	0	0	20	19	5	6	11	4	5.19615242270663	4.89897948556636
4	2	47	39	26	.	.	.	.	2	1	5	8	0	1	22	20	4	9	0	0	6.85565460040104	6.2449979983984
4	6	47	39	26	.	.	.	.	1	1	8	5	0	3	25	21	3	14	1	1	6.85565460040104	6.2449979983984
4	5	47	39	26	.	.	.	.	1	1	8	5	2	1	21	22	7	6	3	4	6.85565460040104	6.2449979983984
4	1	47	39	26	.	.	.	.	1	2	5	3	1	1	18	7	4	3	3	0	6.85565460040104	6.2449979983984
4	4	47	39	26	.	.	.	.	1	1	9	8	0	1	20	20	7	6	2	6	6.85565460040104	6.2449979983984
4	3	47	39	26	.	.	.	.	.	2	.	3	.	1	.	17	.	5	.	1	6.85565460040104	6.2449979983984
5	2	57	30	26	.	.	.	.	1	1	5	5	0	4	19	16	1	9	3	5	7.54983443527075	5.47722557505166
5	6	57	30	26	.	.	.	.	1	1	5	5	1	2	19	16	13	15	1	3	7.54983443527075	5.47722557505166
5	5	57	30	26	.	.	.	.	1	1	5	5	2	1	16	16	10	8	1	1	7.54983443527075	5.47722557505166
5	1	57	30	26	.	.	.	.	1	2	5	5	0	1	17	19	11	6	1	0	7.54983443527075	5.47722557505166
5	4	57	30	26	.	.	.	.	2	1	5	5	2	1	14	21	7	12	0	4	7.54983443527075	5.47722557505166
5	3	57	30	26	.	.	.	.	2	1	5	5	1	1	21	16	3	7	3	2	7.54983443527075	5.47722557505166
6	2	72	29	25	.	.	.	.	1	1	5	3	0	0	13	13	1	7	1	2	8.48528137423857	5.3851648071345
6	6	72	29	25	.	.	.	.	1	1	5	1	0	0	21	6	4	8	0	0	8.48528137423857	5.3851648071345
6	5	72	29	25	.	.	.	.	2	.	2	.	0	.	13	.	5	.	1	.	8.48528137423857	5.3851648071345
6	1	72	29	25	.	.	.	.	1	1	2	4	0	1	6	17	4	8	2	2	8.48528137423857	5.3851648071345
6	4	72	29	25	.	.	.	.	2	1	1	2	1	0	6	8	4	8	0	2	8.48528137423857	5.3851648071345
6	3	72	29	25	.	.	.	.	.	1	.	3	.	0	.	18	.	5	.	2	8.48528137423857	5.3851648071345
7	2	20	26	22	.	.	.	.	1	1	4	5	0	0	16	11	10	5	1	3	4.47213595499958	5.09901951359278
7	6	20	26	22	.	.	.	.	2	.	5	.	0	.	12	.	4	.	2	.	4.47213595499958	5.09901951359278
7	5	20	26	22	.	.	.	.	1	1	5	4	0	0	15	12	3	8	1	0	4.47213595499958	5.09901951359278
7	1	20	26	22	.	.	.	.	.	.	.	.	.	.	.	.	.	.	.	.	4.47213595499958	5.09901951359278
7	4	20	26	22	.	.	.	.	1	1	5	5	0	0	14	19	5	4	2	2	4.47213595499958	5.09901951359278
7	3	20	26	22	.	.	.	.	1	.	5	.	0	.	15	.	4	.	0	.	4.47213595499958	5.09901951359278
8	2	47	21	17	.	.	.	.	1	1	5	5	2	0	12	11	10	5	0	0	6.85565460040104	4.58257569495584
8	6	47	21	17	.	.	.	.	.	1	.	3	.	0	.	6	.	4	.	1	6.85565460040104	4.58257569495584
8	5	47	21	17	.	.	.	.	1	1	5	3	2	0	10	8	11	4	1	0	6.85565460040104	4.58257569495584
8	1	47	21	17	.	.	.	.	2	1	4	5	0	2	10	10	3	7	2	0	6.85565460040104	4.58257569495584
8	4	47	21	17	.	.	.	.	.	1	.	5	.	1	.	13	.	7	.	0	6.85565460040104	4.58257569495584
8	3	47	21	17	.	.	.	.	1	1	5	5	1	1	18	14	3	8	1	0	6.85565460040104	4.58257569495584
9	2	40	40	28	.	.	.	.	1	1	4	5	0	1	17	23	9	2	3	0	6.32455532033676	6.32455532033676
9	6	40	40	28	.	.	.	.	1	1	4	5	0	1	15	20	4	7	3	1	6.32455532033676	6.32455532033676
9	5	40	40	28	.	.	.	.	.	1	.	9	.	1	.	25	.	10	.	3	6.32455532033676	6.32455532033676
9	1	40	40	28	.	.	.	.	1	1	5	5	0	3	23	15	5	5	3	0	6.32455532033676	6.32455532033676
9	4	40	40	28	.	.	.	.	1	1	5	4	1	2	18	14	4	9	1	2	6.32455532033676	6.32455532033676
9	3	40	40	28	.	.	.	.	1	1	4	4	1	0	15	19	2	6	1	2	6.32455532033676	6.32455532033676
