10	2	46	31	27	4.4687	2	1	5	9	0	2	14	21	7	7	4	0	0.1576779108295	0.218151120667447	-0.679261742671685	6.78232998312527	5.56776436283002	2.11392998937997
10	6	46	31	27	4.4687	1	2	9	3	0	0	25	11	7	0	4	4	0.1576779108295	0.218151120667447	-0.679261742671685	6.78232998312527	5.56776436283002	2.11392998937997
10	5	46	31	27	4.4687	1	2	9	9	1	0	17	14	7	12	7	7	0.1576779108295	0.218151120667447	-0.679261742671685	6.78232998312527	5.56776436283002	2.11392998937997
10	1	46	31	27	4.4687	2	.	8	.	1	.	16	.	8	.	0	.	0.1576779108295	0.218151120667447	-0.679261742671685	6.78232998312527	5.56776436283002	2.11392998937997
10	4	46	31	27	4.4687	1	1	9	9	0	0	20	17	12	9	8	9	0.1576779108295	0.218151120667447	-0.679261742671685	6.78232998312527	5.56776436283002	2.11392998937997
10	3	46	31	27	4.4687	1	.	5	.	0	.	16	.	0	.	0	.	0.1576779108295	0.218151120667447	-0.679261742671685	6.78232998312527	5.56776436283002	2.11392998937997
11	2	52	31	27	4.5544	1	1	5	5	0	0	15	19	2	14	1	4	0.560711135819703	0.218151120667447	-0.386569338795296	7.21110255092798	5.56776436283002	2.13410402745508
11	6	52	31	27	4.5544	1	1	8	8	0	0	21	24	6	0	4	0	0.560711135819703	0.218151120667447	-0.386569338795296	7.21110255092798	5.56776436283002	2.13410402745508
11	5	52	31	27	4.5544	1	1	5	5	1	0	17	18	4	11	2	2	0.560711135819703	0.218151120667447	-0.386569338795296	7.21110255092798	5.56776436283002	2.13410402745508
11	1	52	31	27	4.5544	.	1	.	9	.	1	.	17	.	8	.	2	0.560711135819703	0.218151120667447	-0.386569338795296	7.21110255092798	5.56776436283002	2.13410402745508
11	4	52	31	27	4.5544	1	.	4	.	0	.	17	.	1	.	5	.	0.560711135819703	0.218151120667447	-0.386569338795296	7.21110255092798	5.56776436283002	2.13410402745508
11	3	52	31	27	4.5544	1	2	5	4	1	0	19	12	5	7	1	2	0.560711135819703	0.218151120667447	-0.386569338795296	7.21110255092798	5.56776436283002	2.13410402745508
12	2	39	21	17	4.6245	1	1	8	9	0	2	17	23	3	19	2	6	-0.312527518325736	-1.22594784713115	-0.147155832240631	6.2449979983984	4.58257569495584	2.15046506597992
12	6	39	21	17	4.6245	1	2	8	5	2	0	24	22	9	5	8	13	-0.312527518325736	-1.22594784713115	-0.147155832240631	6.2449979983984	4.58257569495584	2.15046506597992
12	5	39	21	17	4.6245	1	1	9	9	1	1	15	23	7	21	2	9	-0.312527518325736	-1.22594784713115	-0.147155832240631	6.2449979983984	4.58257569495584	2.15046506597992
12	1	39	21	17	4.6245	.	.	.	.	.	.	.	.	.	.	.	.	-0.312527518325736	-1.22594784713115	-0.147155832240631	6.2449979983984	4.58257569495584	2.15046506597992
12	4	39	21	17	4.6245	1	1	9	9	0	1	22	25	6	19	0	2	-0.312527518325736	-1.22594784713115	-0.147155832240631	6.2449979983984	4.58257569495584	2.15046506597992
12	3	39	21	17	4.6245	2	1	9	9	1	0	16	22	3	7	0	1	-0.312527518325736	-1.22594784713115	-0.147155832240631	6.2449979983984	4.58257569495584	2.15046506597992
13	2	41	28	24	4.7839	1	.	5	.	0	.	16	.	3	.	2	.	-0.178183109995669	-0.215078569672131	0.397245208341589	6.40312423743285	5.29150262212918	2.18721283829444
13	6	41	28	24	4.7839	.	.	.	.	.	.	.	.	.	.	.	.	-0.178183109995669	-0.215078569672131	0.397245208341589	6.40312423743285	5.29150262212918	2.18721283829444
13	5	41	28	24	4.7839	1	.	3	.	0	.	11	.	14	.	2	.	-0.178183109995669	-0.215078569672131	0.397245208341589	6.40312423743285	5.29150262212918	2.18721283829444
13	1	41	28	24	4.7839	1	1	2	5	0	0	12	16	15	8	1	3	-0.178183109995669	-0.215078569672131	0.397245208341589	6.40312423743285	5.29150262212918	2.18721283829444
13	4	41	28	24	4.7839	.	1	.	4	.	0	.	13	.	7	.	5	-0.178183109995669	-0.215078569672131	0.397245208341589	6.40312423743285	5.29150262212918	2.18721283829444
13	3	41	28	24	4.7839	1	.	4	.	0	.	13	.	7	.	2	.	-0.178183109995669	-0.215078569672131	0.397245208341589	6.40312423743285	5.29150262212918	2.18721283829444
14	2	30	31	22	4.9579	1	1	5	5	3	3	24	25	7	10	5	12	-0.917077355811041	0.218151120667447	0.991509832314654	5.47722557505166	5.56776436283002	2.22663423130069
14	6	30	31	22	4.9579	1	1	5	4	0	1	22	16	15	22	3	3	-0.917077355811041	0.218151120667447	0.991509832314654	5.47722557505166	5.56776436283002	2.22663423130069
14	5	30	31	22	4.9579	1	1	9	5	3	3	25	21	7	7	2	5	-0.917077355811041	0.218151120667447	0.991509832314654	5.47722557505166	5.56776436283002	2.22663423130069
14	1	30	31	22	4.9579	1	1	5	3	0	0	22	16	20	11	2	4	-0.917077355811041	0.218151120667447	0.991509832314654	5.47722557505166	5.56776436283002	2.22663423130069
14	4	30	31	22	4.9579	1	1	9	9	1	1	19	23	4	13	6	4	-0.917077355811041	0.218151120667447	0.991509832314654	5.47722557505166	5.56776436283002	2.22663423130069
14	3	30	31	22	4.9579	2	1	3	4	1	1	25	21	7	11	7	4	-0.917077355811041	0.218151120667447	0.991509832314654	5.47722557505166	5.56776436283002	2.22663423130069
15	2	27	26	22	5.0284	1	1	5	1	0	0	16	15	10	7	2	1	-1.11859396830614	-0.50389836323185	1.23228946444167	5.19615242270663	5.09901951359278	2.24240941846042
15	6	27	26	22	5.0284	.	.	.	.	.	.	.	.	.	.	.	.	-1.11859396830614	-0.50389836323185	1.23228946444167	5.19615242270663	5.09901951359278	2.24240941846042
15	5	27	26	22	5.0284	2	.	9	.	0	.	21	.	7	.	1	.	-1.11859396830614	-0.50389836323185	1.23228946444167	5.19615242270663	5.09901951359278	2.24240941846042
15	1	27	26	22	5.0284	.	.	.	.	.	.	.	.	.	.	.	.	-1.11859396830614	-0.50389836323185	1.23228946444167	5.19615242270663	5.09901951359278	2.24240941846042
15	4	27	26	22	5.0284	1	1	5	2	0	1	15	14	7	8	0	0	-1.11859396830614	-0.50389836323185	1.23228946444167	5.19615242270663	5.09901951359278	2.24240941846042
15	3	27	26	22	5.0284	1	1	9	1	0	0	18	15	9	1	4	8	-1.11859396830614	-0.50389836323185	1.23228946444167	5.19615242270663	5.09901951359278	2.24240941846042
16	2	38	23	18	4.7231	2	1	3	4	1	2	12	21	9	11	1	3	-0.37969972249077	-0.937128053571428	0.189594121344103	6.16441400296898	4.79583152331272	2.17326942646327
16	6	38	23	18	4.7231	1	1	4	5	0	1	21	20	11	16	2	3	-0.37969972249077	-0.937128053571428	0.189594121344103	6.16441400296898	4.79583152331272	2.17326942646327
16	5	38	23	18	4.7231	2	1	5	5	0	0	18	20	9	9	6	4	-0.37969972249077	-0.937128053571428	0.189594121344103	6.16441400296898	4.79583152331272	2.17326942646327
16	1	38	23	18	4.7231	1	.	5	.	0	.	23	.	7	.	4	.	-0.37969972249077	-0.937128053571428	0.189594121344103	6.16441400296898	4.79583152331272	2.17326942646327
16	4	38	23	18	4.7231	1	2	4	4	0	2	14	16	14	13	1	4	-0.37969972249077	-0.937128053571428	0.189594121344103	6.16441400296898	4.79583152331272	2.17326942646327
16	3	38	23	18	4.7231	2	1	5	5	0	1	22	22	7	15	3	4	-0.37969972249077	-0.937128053571428	0.189594121344103	6.16441400296898	4.79583152331272	2.17326942646327
17	2	45	29	25	4.7257	1	2	8	4	0	2	21	14	1	3	1	1	0.0905057066644664	-0.0706686728922716	0.198473937564391	6.70820393249937	5.3851648071345	2.17386752126251
17	6	45	29	25	4.7257	1	2	2	3	0	0	10	12	8	7	0	2	0.0905057066644664	-0.0706686728922716	0.198473937564391	6.70820393249937	5.3851648071345	2.17386752126251
17	5	45	29	25	4.7257	1	.	3	.	0	.	13	.	2	.	0	.	0.0905057066644664	-0.0706686728922716	0.198473937564391	6.70820393249937	5.3851648071345	2.17386752126251
17	1	45	29	25	4.7257	.	2	.	4	.	0	.	14	.	7	.	1	0.0905057066644664	-0.0706686728922716	0.198473937564391	6.70820393249937	5.3851648071345	2.17386752126251
17	4	45	29	25	4.7257	.	1	.	3	.	0	.	9	.	2	.	2	0.0905057066644664	-0.0706686728922716	0.198473937564391	6.70820393249937	5.3851648071345	2.17386752126251
17	3	45	29	25	4.7257	1	1	3	5	0	0	14	19	6	4	2	0	0.0905057066644664	-0.0706686728922716	0.198473937564391	6.70820393249937	5.3851648071345	2.17386752126251
18	2	77	37	31	4.9	2	1	2	3	0	1	19	24	3	4	1	1	2.24001623994555	1.0846105013466	0.79376315571672	8.77496438739212	6.08276253029822	2.21359436211787
18	6	77	37	31	4.9	1	1	1	3	0	0	24	20	6	2	4	3	2.24001623994555	1.0846105013466	0.79376315571672	8.77496438739212	6.08276253029822	2.21359436211787
18	5	77	37	31	4.9	1	1	2	1	0	0	17	20	4	6	1	0	2.24001623994555	1.0846105013466	0.79376315571672	8.77496438739212	6.08276253029822	2.21359436211787
18	1	77	37	31	4.9	1	1	3	1	0	1	19	22	4	5	1	2	2.24001623994555	1.0846105013466	0.79376315571672	8.77496438739212	6.08276253029822	2.21359436211787
18	4	77	37	31	4.9	2	2	2	1	1	1	15	17	2	8	0	1	2.24001623994555	1.0846105013466	0.79376315571672	8.77496438739212	6.08276253029822	2.21359436211787
18	3	77	37	31	4.9	2	1	4	4	1	0	18	19	5	6	1	1	2.24001623994555	1.0846105013466	0.79376315571672	8.77496438739212	6.08276253029822	2.21359436211787
19	2	62	33	25	4.1024	2	.	3	.	1	.	13	.	4	.	0	.	1.23243317747004	0.506970914227166	-1.93029123555291	7.87400787401181	5.74456264653803	2.02543822418755
19	6	62	33	25	4.1024	1	1	9	4	0	1	22	17	6	3	1	2	1.23243317747004	0.506970914227166	-1.93029123555291	7.87400787401181	5.74456264653803	2.02543822418755
19	5	62	33	25	4.1024	1	1	9	4	1	0	19	11	2	5	0	1	1.23243317747004	0.506970914227166	-1.93029123555291	7.87400787401181	5.74456264653803	2.02543822418755
19	1	62	33	25	4.1024	.	.	.	.	.	.	.	.	.	.	.	.	1.23243317747004	0.506970914227166	-1.93029123555291	7.87400787401181	5.74456264653803	2.02543822418755
19	4	62	33	25	4.1024	1	1	4	8	1	1	15	23	3	4	0	1	1.23243317747004	0.506970914227166	-1.93029123555291	7.87400787401181	5.74456264653803	2.02543822418755
19	3	62	33	25	4.1024	1	2	5	5	1	1	23	14	10	7	0	1	1.23243317747004	0.506970914227166	-1.93029123555291	7.87400787401181	5.74456264653803	2.02543822418755
20	2	55	41	29	4.7065	2	2	8	8	0	2	20	21	9	16	3	1	0.762227748314805	1.66225008846604	0.132899910091502	7.41619848709566	6.40312423743285	2.1694469341286
20	6	55	41	29	4.7065	1	2	8	8	0	0	21	16	6	18	3	0	0.762227748314805	1.66225008846604	0.132899910091502	7.41619848709566	6.40312423743285	2.1694469341286
20	5	55	41	29	4.7065	1	2	5	5	1	1	20	17	9	10	1	2	0.762227748314805	1.66225008846604	0.132899910091502	7.41619848709566	6.40312423743285	2.1694469341286
20	1	55	41	29	4.7065	2	.	4	.	2	.	17	.	14	.	5	.	0.762227748314805	1.66225008846604	0.132899910091502	7.41619848709566	6.40312423743285	2.1694469341286
20	4	55	41	29	4.7065	.	1	.	5	.	0	.	16	.	16	.	1	0.762227748314805	1.66225008846604	0.132899910091502	7.41619848709566	6.40312423743285	2.1694469341286
20	3	55	41	29	4.7065	1	2	4	4	2	1	16	21	16	9	2	3	0.762227748314805	1.66225008846604	0.132899910091502	7.41619848709566	6.40312423743285	2.1694469341286
21	2	32	34	26	3.8493	1	1	3	3	0	1	15	16	4	9	0	2	-0.782732947480973	0.651380811007025	-2.79470719145856	5.65685424949238	5.8309518948453	1.96196330240909
21	6	32	34	26	3.8493	1	.	2	.	1	.	13	.	8	.	3	.	-0.782732947480973	0.651380811007025	-2.79470719145856	5.65685424949238	5.8309518948453	1.96196330240909
21	5	32	34	26	3.8493	1	.	4	.	1	.	20	.	12	.	1	.	-0.782732947480973	0.651380811007025	-2.79470719145856	5.65685424949238	5.8309518948453	1.96196330240909
21	1	32	34	26	3.8493	.	.	.	.	.	.	.	.	.	.	.	.	-0.782732947480973	0.651380811007025	-2.79470719145856	5.65685424949238	5.8309518948453	1.96196330240909
21	4	32	34	26	3.8493	1	2	8	3	1	0	24	19	10	12	1	2	-0.782732947480973	0.651380811007025	-2.79470719145856	5.65685424949238	5.8309518948453	1.96196330240909
21	3	32	34	26	3.8493	1	.	4	.	2	.	23	.	9	.	1	.	-0.782732947480973	0.651380811007025	-2.79470719145856	5.65685424949238	5.8309518948453	1.96196330240909
22	2	46	21	17	3.8684	1	2	2	3	0	1	14	12	3	1	0	2	0.1576779108295	-1.22594784713115	-2.72947469537876	6.78232998312527	4.58257569495584	1.96682485239535
22	6	46	21	17	3.8684	.	1	.	5	.	.	.	16	.	0	.	0	0.1576779108295	-1.22594784713115	-2.72947469537876	6.78232998312527	4.58257569495584	1.96682485239535
22	5	46	21	17	3.8684	1	.	5	.	0	.	14	.	13	.	1	.	0.1576779108295	-1.22594784713115	-2.72947469537876	6.78232998312527	4.58257569495584	1.96682485239535
22	1	46	21	17	3.8684	.	2	.	3	.	0	.	11	.	4	.	2	0.1576779108295	-1.22594784713115	-2.72947469537876	6.78232998312527	4.58257569495584	1.96682485239535
22	4	46	21	17	3.8684	1	2	3	4	0	0	13	12	7	7	1	2	0.1576779108295	-1.22594784713115	-2.72947469537876	6.78232998312527	4.58257569495584	1.96682485239535
22	3	46	21	17	3.8684	2	2	2	4	.	0	12	13	0	3	0	2	0.1576779108295	-1.22594784713115	-2.72947469537876	6.78232998312527	4.58257569495584	1.96682485239535
23	2	33	17	13	4.8281	1	1	9	9	1	0	22	24	19	31	5	8	-0.715560743315939	-1.80358743425058	0.54820208408647	5.74456264653803	4.12310562561766	2.19729379009726
23	6	33	17	13	4.8281	1	1	9	9	1	0	21	21	18	31	0	3	-0.715560743315939	-1.80358743425058	0.54820208408647	5.74456264653803	4.12310562561766	2.19729379009726
23	5	33	17	13	4.8281	1	1	8	9	0	2	24	19	30	26	1	5	-0.715560743315939	-1.80358743425058	0.54820208408647	5.74456264653803	4.12310562561766	2.19729379009726
23	1	33	17	13	4.8281	1	1	9	8	0	0	19	21	23	11	8	5	-0.715560743315939	-1.80358743425058	0.54820208408647	5.74456264653803	4.12310562561766	2.19729379009726
23	4	33	17	13	4.8281	1	1	9	9	0	0	17	23	23	45	1	3	-0.715560743315939	-1.80358743425058	0.54820208408647	5.74456264653803	4.12310562561766	2.19729379009726
23	3	33	17	13	4.8281	1	1	9	9	0	1	25	20	16	34	6	4	-0.715560743315939	-1.80358743425058	0.54820208408647	5.74456264653803	4.12310562561766	2.19729379009726
24	2	30	26	21	4.9169	2	2	3	1	0	3	17	17	9	25	0	4	-0.917077355811041	-0.50389836323185	0.851481961148586	5.47722557505166	5.09901951359278	2.21740839720607
24	6	30	26	21	4.9169	1	2	2	2	0	0	9	15	3	13	0	3	-0.917077355811041	-0.50389836323185	0.851481961148586	5.47722557505166	5.09901951359278	2.21740839720607
24	5	30	26	21	4.9169	2	1	4	4	0	2	19	19	8	13	1	2	-0.917077355811041	-0.50389836323185	0.851481961148586	5.47722557505166	5.09901951359278	2.21740839720607
24	1	30	26	21	4.9169	1	2	4	2	0	1	18	11	13	9	0	1	-0.917077355811041	-0.50389836323185	0.851481961148586	5.47722557505166	5.09901951359278	2.21740839720607
24	4	30	26	21	4.9169	2	2	2	1	0	0	7	12	5	2	0	1	-0.917077355811041	-0.50389836323185	0.851481961148586	5.47722557505166	5.09901951359278	2.21740839720607
24	3	30	26	21	4.9169	1	2	1	3	0	0	6	14	2	4	0	1	-0.917077355811041	-0.50389836323185	0.851481961148586	5.47722557505166	5.09901951359278	2.21740839720607
25	2	49	37	33	3.9675	2	2	3	8	0	0	9	18	8	13	1	15	0.359194523324602	1.0846105013466	-2.39101708482858	7	6.08276253029822	1.99185842870421
25	6	49	37	33	3.9675	1	1	5	8	0	0	20	24	9	12	4	3	0.359194523324602	1.0846105013466	-2.39101708482858	7	6.08276253029822	1.99185842870421
25	5	49	37	33	3.9675	1	2	8	3	2	0	18	18	12	0	2	0	0.359194523324602	1.0846105013466	-2.39101708482858	7	6.08276253029822	1.99185842870421
25	1	49	37	33	3.9675	1	1	3	4	1	3	10	12	13	14	0	2	0.359194523324602	1.0846105013466	-2.39101708482858	7	6.08276253029822	1.99185842870421
25	4	49	37	33	3.9675	2	2	4	8	1	0	17	15	13	16	1	2	0.359194523324602	1.0846105013466	-2.39101708482858	7	6.08276253029822	1.99185842870421
25	3	49	37	33	3.9675	1	1	3	4	1	0	10	10	10	8	0	5	0.359194523324602	1.0846105013466	-2.39101708482858	7	6.08276253029822	1.99185842870421
26	2	31	27	22	4.3897	2	2	8	8	0	1	20	20	14	13	0	0	-0.849905151646007	-0.35948846645199	-0.949071543211178	5.56776436283002	5.19615242270663	2.09516109165859
26	6	31	27	22	4.3897	1	1	8	8	0	3	20	20	0	14	0	1	-0.849905151646007	-0.35948846645199	-0.949071543211178	5.56776436283002	5.19615242270663	2.09516109165859
26	5	31	27	22	4.3897	1	2	8	8	0	2	20	22	9	13	0	0	-0.849905151646007	-0.35948846645199	-0.949071543211178	5.56776436283002	5.19615242270663	2.09516109165859
26	1	31	27	22	4.3897	1	2	8	8	0	1	16	20	14	24	0	1	-0.849905151646007	-0.35948846645199	-0.949071543211178	5.56776436283002	5.19615242270663	2.09516109165859
26	4	31	27	22	4.3897	1	1	8	8	3	1	20	15	12	23	5	0	-0.849905151646007	-0.35948846645199	-0.949071543211178	5.56776436283002	5.19615242270663	2.09516109165859
26	3	31	27	22	4.3897	1	1	8	8	1	2	20	18	19	12	1	0	-0.849905151646007	-0.35948846645199	-0.949071543211178	5.56776436283002	5.19615242270663	2.09516109165859
27	2	30	40	36	4.2161	1	1	5	5	0	0	21	16	4	9	1	1	-0.917077355811041	1.51784019168618	-1.54197004161189	5.47722557505166	6.32455532033676	2.05331439385205
27	6	30	40	36	4.2161	.	2	.	5	.	0	.	18	.	10	.	2	-0.917077355811041	1.51784019168618	-1.54197004161189	5.47722557505166	6.32455532033676	2.05331439385205
27	5	30	40	36	4.2161	1	1	5	5	0	0	25	17	8	12	1	1	-0.917077355811041	1.51784019168618	-1.54197004161189	5.47722557505166	6.32455532033676	2.05331439385205
27	1	30	40	36	4.2161	.	1	.	5	.	1	.	11	.	5	.	0	-0.917077355811041	1.51784019168618	-1.54197004161189	5.47722557505166	6.32455532033676	2.05331439385205
27	4	30	40	36	4.2161	2	2	5	4	0	0	18	15	8	10	2	1	-0.917077355811041	1.51784019168618	-1.54197004161189	5.47722557505166	6.32455532033676	2.05331439385205
27	3	30	40	36	4.2161	.	1	.	5	.	0	.	24	.	9	.	2	-0.917077355811041	1.51784019168618	-1.54197004161189	5.47722557505166	6.32455532033676	2.05331439385205
29	2	75	35	31	4.8504	1	1	5	5	2	2	17	18	5	10	0	0	2.10567183161548	0.795790707786885	0.624363584745086	8.66025403784439	5.91607978309962	2.20236236800396
29	6	75	35	31	4.8504	1	1	8	8	0	0	18	20	6	17	0	2	2.10567183161548	0.795790707786885	0.624363584745086	8.66025403784439	5.91607978309962	2.20236236800396
29	5	75	35	31	4.8504	1	.	8	.	0	.	21	.	6	.	2	.	2.10567183161548	0.795790707786885	0.624363584745086	8.66025403784439	5.91607978309962	2.20236236800396
29	1	75	35	31	4.8504	1	1	5	5	2	3	18	15	6	18	0	1	2.10567183161548	0.795790707786885	0.624363584745086	8.66025403784439	5.91607978309962	2.20236236800396
29	4	75	35	31	4.8504	1	1	8	5	1	4	15	12	11	5	1	2	2.10567183161548	0.795790707786885	0.624363584745086	8.66025403784439	5.91607978309962	2.20236236800396
29	3	75	35	31	4.8504	1	1	9	4	3	3	16	9	7	9	1	0	2.10567183161548	0.795790707786885	0.624363584745086	8.66025403784439	5.91607978309962	2.20236236800396
30	2	53	20	16	4.4112	1	1	5	8	2	0	15	25	7	5	6	5	0.627883339984737	-1.37035774391101	-0.875642293697266	7.28010988928052	4.47213595499958	2.10028569485201
30	6	53	20	16	4.4112	1	1	5	9	2	0	20	25	19	26	1	1	0.627883339984737	-1.37035774391101	-0.875642293697266	7.28010988928052	4.47213595499958	2.10028569485201
30	5	53	20	16	4.4112	1	1	4	9	0	0	13	19	5	14	4	6	0.627883339984737	-1.37035774391101	-0.875642293697266	7.28010988928052	4.47213595499958	2.10028569485201
30	1	53	20	16	4.4112	1	1	5	5	2	0	21	21	24	16	3	2	0.627883339984737	-1.37035774391101	-0.875642293697266	7.28010988928052	4.47213595499958	2.10028569485201
30	4	53	20	16	4.4112	1	1	5	4	0	0	17	17	7	9	7	3	0.627883339984737	-1.37035774391101	-0.875642293697266	7.28010988928052	4.47213595499958	2.10028569485201
30	3	53	20	16	4.4112	1	1	8	9	0	0	18	18	12	16	0	8	0.627883339984737	-1.37035774391101	-0.875642293697266	7.28010988928052	4.47213595499958	2.10028569485201
31	2	36	21	17	4.7757	1	1	5	4	5	3	22	21	8	11	0	1	-0.514044130820838	-1.22594784713115	0.369239634108374	6	4.58257569495584	2.18533750253822
31	6	36	21	17	4.7757	1	.	4	.	2	.	23	.	10	.	4	.	-0.514044130820838	-1.22594784713115	0.369239634108374	6	4.58257569495584	2.18533750253822
31	5	36	21	17	4.7757	1	2	4	4	2	0	23	16	10	11	7	1	-0.514044130820838	-1.22594784713115	0.369239634108374	6	4.58257569495584	2.18533750253822
31	1	36	21	17	4.7757	1	1	4	4	2	3	21	25	13	11	3	1	-0.514044130820838	-1.22594784713115	0.369239634108374	6	4.58257569495584	2.18533750253822
31	4	36	21	17	4.7757	1	1	4	4	0	0	24	23	15	15	1	3	-0.514044130820838	-1.22594784713115	0.369239634108374	6	4.58257569495584	2.18533750253822
31	3	36	21	17	4.7757	1	1	4	5	1	1	23	21	12	14	0	0	-0.514044130820838	-1.22594784713115	0.369239634108374	6	4.58257569495584	2.18533750253822
32	2	45	36	32	4.5171	1	2	3	4	0	1	11	11	1	10	0	1	0.0905057066644664	0.940200604566744	-0.513960548417108	6.70820393249937	6	2.12534703048702
32	6	45	36	32	4.5171	1	1	3	8	1	1	12	21	5	7	0	0	0.0905057066644664	0.940200604566744	-0.513960548417108	6.70820393249937	6	2.12534703048702
32	5	45	36	32	4.5171	.	.	.	.	.	.	.	.	.	.	.	.	0.0905057066644664	0.940200604566744	-0.513960548417108	6.70820393249937	6	2.12534703048702
32	1	45	36	32	4.5171	2	1	5	5	0	1	14	13	2	8	1	2	0.0905057066644664	0.940200604566744	-0.513960548417108	6.70820393249937	6	2.12534703048702
32	4	45	36	32	4.5171	.	1	.	5	.	0	.	19	.	11	.	3	0.0905057066644664	0.940200604566744	-0.513960548417108	6.70820393249937	6	2.12534703048702
32	3	45	36	32	4.5171	2	1	5	1	1	0	10	11	5	3	0	1	0.0905057066644664	0.940200604566744	-0.513960548417108	6.70820393249937	6	2.12534703048702
33	2	62	31	27	4.7854	.	2	.	5	.	3	.	18	.	9	.	1	1.23243317747004	0.218151120667447	0.402368179237908	7.87400787401181	5.56776436283002	2.18755571357623
33	6	62	31	27	4.7854	2	1	3	2	1	2	10	20	7	11	3	0	1.23243317747004	0.218151120667447	0.402368179237908	7.87400787401181	5.56776436283002	2.18755571357623
33	5	62	31	27	4.7854	1	2	8	2	2	2	14	10	5	11	0	1	1.23243317747004	0.218151120667447	0.402368179237908	7.87400787401181	5.56776436283002	2.18755571357623
33	1	62	31	27	4.7854	1	1	3	8	2	2	12	14	11	15	1	0	1.23243317747004	0.218151120667447	0.402368179237908	7.87400787401181	5.56776436283002	2.18755571357623
33	4	62	31	27	4.7854	1	2	1	4	1	2	20	21	12	8	0	0	1.23243317747004	0.218151120667447	0.402368179237908	7.87400787401181	5.56776436283002	2.18755571357623
33	3	62	31	27	4.7854	1	1	8	1	0	1	24	15	3	7	1	0	1.23243317747004	0.218151120667447	0.402368179237908	7.87400787401181	5.56776436283002	2.18755571357623
34	2	51	28	21	4.749	1	.	8	.	1	.	15	.	7	.	0	.	0.493538931654669	-0.215078569672131	0.278050752153887	7.14142842854285	5.29150262212918	2.17922004396068
34	6	51	28	21	4.749	1	1	5	8	0	0	21	18	4	4	0	0	0.493538931654669	-0.215078569672131	0.278050752153887	7.14142842854285	5.29150262212918	2.17922004396068
34	5	51	28	21	4.749	1	1	4	5	1	0	11	7	7	7	0	1	0.493538931654669	-0.215078569672131	0.278050752153887	7.14142842854285	5.29150262212918	2.17922004396068
34	1	51	28	21	4.749	1	.	5	.	0	.	10	.	5	.	2	.	0.493538931654669	-0.215078569672131	0.278050752153887	7.14142842854285	5.29150262212918	2.17922004396068
34	4	51	28	21	4.749	1	.	5	.	0	.	13	.	6	.	0	.	0.493538931654669	-0.215078569672131	0.278050752153887	7.14142842854285	5.29150262212918	2.17922004396068
34	3	51	28	21	4.749	1	1	3	5	1	1	7	9	2	5	1	0	0.493538931654669	-0.215078569672131	0.278050752153887	7.14142842854285	5.29150262212918	2.17922004396068
35	2	41	27	22	4.4432	1	.	5	.	1	.	15	.	6	.	1	.	-0.178183109995669	-0.35948846645199	-0.766352247909117	6.40312423743285	5.19615242270663	2.10788994020086
35	6	41	27	22	4.4432	1	1	5	5	0	0	19	16	26	26	3	1	-0.178183109995669	-0.35948846645199	-0.766352247909117	6.40312423743285	5.19615242270663	2.10788994020086
35	5	41	27	22	4.4432	.	1	.	5	.	1	.	9	.	15	.	1	-0.178183109995669	-0.35948846645199	-0.766352247909117	6.40312423743285	5.19615242270663	2.10788994020086
35	1	41	27	22	4.4432	1	1	5	3	3	1	17	10	14	6	0	0	-0.178183109995669	-0.35948846645199	-0.766352247909117	6.40312423743285	5.19615242270663	2.10788994020086
35	4	41	27	22	4.4432	1	.	4	.	1	.	16	.	8	.	6	.	-0.178183109995669	-0.35948846645199	-0.766352247909117	6.40312423743285	5.19615242270663	2.10788994020086
35	3	41	27	22	4.4432	1	.	5	.	0	.	17	.	10	.	3	.	-0.178183109995669	-0.35948846645199	-0.766352247909117	6.40312423743285	5.19615242270663	2.10788994020086
36	2	33	27	23	4.7897	1	1	3	5	2	1	16	17	8	17	2	1	-0.715560743315939	-0.35948846645199	0.41705402914069	5.74456264653803	5.19615242270663	2.18853832500142
36	6	33	27	23	4.7897	1	1	5	5	1	0	13	15	8	0	5	0	-0.715560743315939	-0.35948846645199	0.41705402914069	5.74456264653803	5.19615242270663	2.18853832500142
36	5	33	27	23	4.7897	1	1	4	4	0	0	18	16	10	15	2	0	-0.715560743315939	-0.35948846645199	0.41705402914069	5.74456264653803	5.19615242270663	2.18853832500142
36	1	33	27	23	4.7897	2	1	5	2	2	0	14	11	13	5	0	6	-0.715560743315939	-0.35948846645199	0.41705402914069	5.74456264653803	5.19615242270663	2.18853832500142
36	4	33	27	23	4.7897	1	1	4	4	0	0	16	16	6	6	1	7	-0.715560743315939	-0.35948846645199	0.41705402914069	5.74456264653803	5.19615242270663	2.18853832500142
36	3	33	27	23	4.7897	2	1	4	4	0	0	14	15	9	14	5	2	-0.715560743315939	-0.35948846645199	0.41705402914069	5.74456264653803	5.19615242270663	2.18853832500142
37	2	23	24	20	4.9999	2	1	4	9	0	1	17	21	11	4	5	3	-1.38728278496628	-0.792718156791568	1.1349530174116	4.79583152331272	4.89897948556636	2.23604561670821
37	6	23	24	20	4.9999	1	.	8	.	0	.	24	.	19	.	3	.	-1.38728278496628	-0.792718156791568	1.1349530174116	4.79583152331272	4.89897948556636	2.23604561670821
37	5	23	24	20	4.9999	1	.	4	.	1	.	22	.	3	.	4	.	-1.38728278496628	-0.792718156791568	1.1349530174116	4.79583152331272	4.89897948556636	2.23604561670821
37	1	23	24	20	4.9999	.	2	.	5	.	0	.	19	.	8	.	2	-1.38728278496628	-0.792718156791568	1.1349530174116	4.79583152331272	4.89897948556636	2.23604561670821
37	4	23	24	20	4.9999	1	1	4	5	2	1	12	22	11	8	5	2	-1.38728278496628	-0.792718156791568	1.1349530174116	4.79583152331272	4.89897948556636	2.23604561670821
37	3	23	24	20	4.9999	1	.	9	.	0	.	24	.	5	.	2	.	-1.38728278496628	-0.792718156791568	1.1349530174116	4.79583152331272	4.89897948556636	2.23604561670821
38	2	33	28	24	4.8734	2	2	1	3	2	1	7	12	4	6	0	3	-0.715560743315939	-0.215078569672131	0.70291580515532	5.74456264653803	5.29150262212918	2.20757785819663
38	6	33	28	24	4.8734	2	2	3	2	0	1	9	11	11	16	2	2	-0.715560743315939	-0.215078569672131	0.70291580515532	5.74456264653803	5.29150262212918	2.20757785819663
38	5	33	28	24	4.8734	.	1	.	4	.	0	.	14	.	11	.	1	-0.715560743315939	-0.215078569672131	0.70291580515532	5.74456264653803	5.29150262212918	2.20757785819663
38	1	33	28	24	4.8734	2	.	3	.	0	.	11	.	15	.	0	.	-0.715560743315939	-0.215078569672131	0.70291580515532	5.74456264653803	5.29150262212918	2.20757785819663
38	4	33	28	24	4.8734	2	2	3	4	0	2	11	14	8	15	0	1	-0.715560743315939	-0.215078569672131	0.70291580515532	5.74456264653803	5.29150262212918	2.20757785819663
38	3	33	28	24	4.8734	1	1	2	4	0	1	5	14	4	6	4	3	-0.715560743315939	-0.215078569672131	0.70291580515532	5.74456264653803	5.29150262212918	2.20757785819663
39	2	48	32	28	4.6461	2	2	5	5	0	0	11	16	3	7	0	0	0.292022319159568	0.362561017447306	-0.0733850513336318	6.92820323027551	5.65685424949238	2.15548138474912
39	6	48	32	28	4.6461	.	2	.	2	.	0	.	21	.	4	.	0	0.292022319159568	0.362561017447306	-0.0733850513336318	6.92820323027551	5.65685424949238	2.15548138474912
39	5	48	32	28	4.6461	2	1	2	2	0	1	16	19	9	14	0	0	0.292022319159568	0.362561017447306	-0.0733850513336318	6.92820323027551	5.65685424949238	2.15548138474912
39	1	48	32	28	4.6461	2	2	2	4	0	0	12	13	8	9	1	1	0.292022319159568	0.362561017447306	-0.0733850513336318	6.92820323027551	5.65685424949238	2.15548138474912
39	4	48	32	28	4.6461	1	1	2	1	0	1	11	20	2	8	2	0	0.292022319159568	0.362561017447306	-0.0733850513336318	6.92820323027551	5.65685424949238	2.15548138474912
39	3	48	32	28	4.6461	2	.	3	.	0	.	12	.	6	.	0	.	0.292022319159568	0.362561017447306	-0.0733850513336318	6.92820323027551	5.65685424949238	2.15548138474912
40	2	50	33	25	3.9411	1	1	3	2	0	0	19	17	3	3	2	1	0.426366727489635	0.506970914227166	-2.4811813726038	7.07106781186548	5.74456264653803	1.98522039078788
40	6	50	33	25	3.9411	.	2	.	8	.	0	.	20	.	4	.	0	0.426366727489635	0.506970914227166	-2.4811813726038	7.07106781186548	5.74456264653803	1.98522039078788
40	5	50	33	25	3.9411	.	.	.	.	.	.	.	.	.	.	.	.	0.426366727489635	0.506970914227166	-2.4811813726038	7.07106781186548	5.74456264653803	1.98522039078788
40	1	50	33	25	3.9411	2	.	4	.	1	.	19	.	5	.	0	.	0.426366727489635	0.506970914227166	-2.4811813726038	7.07106781186548	5.74456264653803	1.98522039078788
40	4	50	33	25	3.9411	1	1	5	2	0	1	13	16	3	8	1	0	0.426366727489635	0.506970914227166	-2.4811813726038	7.07106781186548	5.74456264653803	1.98522039078788
40	3	50	33	25	3.9411	1	1	2	5	1	2	13	17	5	5	1	1	0.426366727489635	0.506970914227166	-2.4811813726038	7.07106781186548	5.74456264653803	1.98522039078788
41	2	37	24	20	4.4371	.	.	.	.	.	.	.	.	.	.	.	.	-0.446871926655804	-0.792718156791568	-0.787185662887483	6.08276253029822	4.89897948556636	2.10644249862179
41	6	37	24	20	4.4371	1	.	5	.	0	.	13	.	3	.	2	.	-0.446871926655804	-0.792718156791568	-0.787185662887483	6.08276253029822	4.89897948556636	2.10644249862179
41	5	37	24	20	4.4371	1	1	5	5	1	0	16	15	8	5	1	1	-0.446871926655804	-0.792718156791568	-0.787185662887483	6.08276253029822	4.89897948556636	2.10644249862179
41	1	37	24	20	4.4371	.	1	.	5	.	1	.	15	.	15	.	1	-0.446871926655804	-0.792718156791568	-0.787185662887483	6.08276253029822	4.89897948556636	2.10644249862179
41	4	37	24	20	4.4371	1	1	5	5	0	1	11	16	2	14	1	4	-0.446871926655804	-0.792718156791568	-0.787185662887483	6.08276253029822	4.89897948556636	2.10644249862179
41	3	37	24	20	4.4371	1	.	5	.	1	.	17	.	6	.	1	.	-0.446871926655804	-0.792718156791568	-0.787185662887483	6.08276253029822	4.89897948556636	2.10644249862179
42	2	45	29	21	4.8328	2	1	3	8	2	1	8	20	14	14	4	8	0.0905057066644664	-0.0706686728922716	0.564254059561604	6.70820393249937	5.3851648071345	2.19836302734557
42	6	45	29	21	4.8328	1	.	4	.	1	.	15	.	29	.	3	.	0.0905057066644664	-0.0706686728922716	0.564254059561604	6.70820393249937	5.3851648071345	2.19836302734557
42	5	45	29	21	4.8328	2	2	5	8	1	3	13	21	14	20	1	7	0.0905057066644664	-0.0706686728922716	0.564254059561604	6.70820393249937	5.3851648071345	2.19836302734557
42	1	45	29	21	4.8328	2	1	4	5	3	2	13	14	11	14	13	4	0.0905057066644664	-0.0706686728922716	0.564254059561604	6.70820393249937	5.3851648071345	2.19836302734557
42	4	45	29	21	4.8328	1	1	3	8	0	1	20	21	14	11	6	2	0.0905057066644664	-0.0706686728922716	0.564254059561604	6.70820393249937	5.3851648071345	2.19836302734557
42	3	45	29	21	4.8328	1	1	4	5	3	1	14	15	18	11	3	6	0.0905057066644664	-0.0706686728922716	0.564254059561604	6.70820393249937	5.3851648071345	2.19836302734557
43	2	74	38	34	4.5715	1	1	9	9	0	0	14	16	5	5	2	1	2.03849962745045	1.22902039812646	-0.328167470577253	8.60232526704263	6.16441400296898	2.13810663906177
43	6	74	38	34	4.5715	1	1	9	8	0	0	20	23	3	11	3	3	2.03849962745045	1.22902039812646	-0.328167470577253	8.60232526704263	6.16441400296898	2.13810663906177
43	5	74	38	34	4.5715	1	.	9	.	0	.	17	.	1	.	4	.	2.03849962745045	1.22902039812646	-0.328167470577253	8.60232526704263	6.16441400296898	2.13810663906177
43	1	74	38	34	4.5715	1	1	9	9	0	0	16	19	3	5	3	1	2.03849962745045	1.22902039812646	-0.328167470577253	8.60232526704263	6.16441400296898	2.13810663906177
43	4	74	38	34	4.5715	1	1	9	9	0	1	23	19	1	9	2	1	2.03849962745045	1.22902039812646	-0.328167470577253	8.60232526704263	6.16441400296898	2.13810663906177
43	3	74	38	34	4.5715	1	1	9	8	1	0	25	25	5	2	1	2	2.03849962745045	1.22902039812646	-0.328167470577253	8.60232526704263	6.16441400296898	2.13810663906177
44	2	31	24	20	4.8131	2	.	3	.	0	.	10	.	4	.	6	.	-0.849905151646007	-0.792718156791568	0.496972375123276	5.56776436283002	4.89897948556636	2.19387784527763
44	6	31	24	20	4.8131	.	2	.	3	.	0	.	10	.	10	.	1	-0.849905151646007	-0.792718156791568	0.496972375123276	5.56776436283002	4.89897948556636	2.19387784527763
44	5	31	24	20	4.8131	.	2	.	3	.	0	.	13	.	6	.	0	-0.849905151646007	-0.792718156791568	0.496972375123276	5.56776436283002	4.89897948556636	2.19387784527763
44	1	31	24	20	4.8131	2	2	5	3	1	1	16	9	8	7	1	0	-0.849905151646007	-0.792718156791568	0.496972375123276	5.56776436283002	4.89897948556636	2.19387784527763
44	4	31	24	20	4.8131	.	2	.	4	.	0	.	16	.	10	.	0	-0.849905151646007	-0.792718156791568	0.496972375123276	5.56776436283002	4.89897948556636	2.19387784527763
44	3	31	24	20	4.8131	1	.	4	.	1	.	16	.	11	.	1	.	-0.849905151646007	-0.792718156791568	0.496972375123276	5.56776436283002	4.89897948556636	2.19387784527763
45	2	50	30	22	4.5749	1	1	5	3	0	1	18	17	4	2	2	4	0.426366727489635	0.0737412238875877	-0.316555403212262	7.07106781186548	5.47722557505166	2.13890158726389
45	6	50	30	22	4.5749	1	1	4	5	0	0	16	25	3	2	3	1	0.426366727489635	0.0737412238875877	-0.316555403212262	7.07106781186548	5.47722557505166	2.13890158726389
45	5	50	30	22	4.5749	1	2	4	3	0	0	14	25	2	3	2	1	0.426366727489635	0.0737412238875877	-0.316555403212262	7.07106781186548	5.47722557505166	2.13890158726389
45	1	50	30	22	4.5749	1	1	4	5	0	0	13	21	9	6	3	1	0.426366727489635	0.0737412238875877	-0.316555403212262	7.07106781186548	5.47722557505166	2.13890158726389
45	4	50	30	22	4.5749	1	2	8	3	0	0	23	21	7	3	3	1	0.426366727489635	0.0737412238875877	-0.316555403212262	7.07106781186548	5.47722557505166	2.13890158726389
45	3	50	30	22	4.5749	1	1	3	5	1	0	12	25	5	4	2	1	0.426366727489635	0.0737412238875877	-0.316555403212262	7.07106781186548	5.47722557505166	2.13890158726389
46	2	47	34	30	4.6523	1	1	9	5	1	0	17	19	5	13	0	0	0.224850114994534	0.651380811007025	-0.0522101049621756	6.85565460040104	5.8309518948453	2.15691909908555
46	6	47	34	30	4.6523	.	1	.	9	.	0	.	23	.	12	.	0	0.224850114994534	0.651380811007025	-0.0522101049621756	6.85565460040104	5.8309518948453	2.15691909908555
46	5	47	34	30	4.6523	2	1	8	5	0	0	16	16	4	8	0	1	0.224850114994534	0.651380811007025	-0.0522101049621756	6.85565460040104	5.8309518948453	2.15691909908555
46	1	47	34	30	4.6523	1	1	9	5	0	1	15	21	4	8	0	2	0.224850114994534	0.651380811007025	-0.0522101049621756	6.85565460040104	5.8309518948453	2.15691909908555
46	4	47	34	30	4.6523	1	2	9	4	0	1	20	11	6	7	0	0	0.224850114994534	0.651380811007025	-0.0522101049621756	6.85565460040104	5.8309518948453	2.15691909908555
46	3	47	34	30	4.6523	2	1	5	5	0	0	16	22	6	7	1	0	0.224850114994534	0.651380811007025	-0.0522101049621756	6.85565460040104	5.8309518948453	2.15691909908555
47	2	37	26	18	5.0393	1	2	3	8	0	2	12	23	14	16	5	3	-0.446871926655804	-0.50389836323185	1.26951638628826	6.08276253029822	5.09901951359278	2.2448385242596
47	6	37	26	18	5.0393	.	.	.	.	.	.	.	.	.	.	.	.	-0.446871926655804	-0.50389836323185	1.26951638628826	6.08276253029822	5.09901951359278	2.2448385242596
47	5	37	26	18	5.0393	1	1	5	5	3	5	17	21	28	17	5	0	-0.446871926655804	-0.50389836323185	1.26951638628826	6.08276253029822	5.09901951359278	2.2448385242596
47	1	37	26	18	5.0393	1	1	8	5	0	0	14	16	13	12	2	5	-0.446871926655804	-0.50389836323185	1.26951638628826	6.08276253029822	5.09901951359278	2.2448385242596
47	4	37	26	18	5.0393	.	1	.	4	.	1	.	19	.	6	.	8	-0.446871926655804	-0.50389836323185	1.26951638628826	6.08276253029822	5.09901951359278	2.2448385242596
47	3	37	26	18	5.0393	1	1	8	5	3	0	20	16	15	10	3	4	-0.446871926655804	-0.50389836323185	1.26951638628826	6.08276253029822	5.09901951359278	2.2448385242596
48	2	24	27	23	4.5182	1	1	5	4	1	0	15	13	9	20	2	3	-1.32011058080124	-0.35948846645199	-0.51020370309314	4.89897948556636	5.19615242270663	2.12560579600264
48	6	24	27	23	4.5182	2	1	4	3	0	0	9	11	33	0	3	0	-1.32011058080124	-0.35948846645199	-0.51020370309314	4.89897948556636	5.19615242270663	2.12560579600264
48	5	24	27	23	4.5182	.	.	.	.	.	.	.	.	.	.	.	.	-1.32011058080124	-0.35948846645199	-0.51020370309314	4.89897948556636	5.19615242270663	2.12560579600264
48	1	24	27	23	4.5182	1	1	4	2	3	0	23	8	13	31	4	2	-1.32011058080124	-0.35948846645199	-0.51020370309314	4.89897948556636	5.19615242270663	2.12560579600264
48	4	24	27	23	4.5182	1	1	5	4	0	3	21	17	13	16	0	5	-1.32011058080124	-0.35948846645199	-0.51020370309314	4.89897948556636	5.19615242270663	2.12560579600264
48	3	24	27	23	4.5182	.	1	.	8	.	2	.	20	.	25	.	1	-1.32011058080124	-0.35948846645199	-0.51020370309314	4.89897948556636	5.19615242270663	2.12560579600264
49	2	51	28	17	4.9026	2	1	8	8	0	1	13	21	11	9	0	0	0.493538931654669	-0.215078569672131	0.802642971937005	7.14142842854285	5.29150262212918	2.21418156437091
49	6	51	28	17	4.9026	2	2	3	5	.	0	11	25	0	5	0	0	0.493538931654669	-0.215078569672131	0.802642971937005	7.14142842854285	5.29150262212918	2.21418156437091
49	5	51	28	17	4.9026	1	.	9	.	0	.	21	.	1	.	5	.	0.493538931654669	-0.215078569672131	0.802642971937005	7.14142842854285	5.29150262212918	2.21418156437091
49	1	51	28	17	4.9026	.	1	.	3	.	1	.	17	.	5	.	1	0.493538931654669	-0.215078569672131	0.802642971937005	7.14142842854285	5.29150262212918	2.21418156437091
49	4	51	28	17	4.9026	1	2	4	4	1	0	17	16	3	4	0	1	0.493538931654669	-0.215078569672131	0.802642971937005	7.14142842854285	5.29150262212918	2.21418156437091
49	3	51	28	17	4.9026	2	1	4	5	0	0	13	16	3	7	3	1	0.493538931654669	-0.215078569672131	0.802642971937005	7.14142842854285	5.29150262212918	2.21418156437091
50	2	35	29	25	4.1205	2	1	4	4	0	1	12	15	2	3	0	0	-0.581216334985872	-0.0706686728922716	-1.86847405340399	5.91607978309962	5.3851648071345	2.0299014754416
50	6	35	29	25	4.1205	1	1	4	3	0	0	13	8	4	2	2	0	-0.581216334985872	-0.0706686728922716	-1.86847405340399	5.91607978309962	5.3851648071345	2.0299014754416
50	5	35	29	25	4.1205	1	1	5	4	2	3	17	12	6	8	3	0	-0.581216334985872	-0.0706686728922716	-1.86847405340399	5.91607978309962	5.3851648071345	2.0299014754416
50	1	35	29	25	4.1205	1	1	5	4	0	0	15	14	3	6	1	0	-0.581216334985872	-0.0706686728922716	-1.86847405340399	5.91607978309962	5.3851648071345	2.0299014754416
50	4	35	29	25	4.1205	2	1	4	4	0	0	13	14	5	2	0	2	-0.581216334985872	-0.0706686728922716	-1.86847405340399	5.91607978309962	5.3851648071345	2.0299014754416
50	3	35	29	25	4.1205	1	1	4	4	1	2	19	18	3	6	1	0	-0.581216334985872	-0.0706686728922716	-1.86847405340399	5.91607978309962	5.3851648071345	2.0299014754416
51	2	23	19	15	4.5903	1	1	3	5	1	1	9	14	13	20	7	4	-1.38728278496628	-1.51476764069087	-0.263959568676716	4.79583152331272	4.35889894354067	2.14249854142307
51	6	23	19	15	4.5903	2	1	5	5	1	0	12	13	29	26	4	5	-1.38728278496628	-1.51476764069087	-0.263959568676716	4.79583152331272	4.35889894354067	2.14249854142307
51	5	23	19	15	4.5903	1	2	5	3	2	0	12	8	11	18	2	13	-1.38728278496628	-1.51476764069087	-0.263959568676716	4.79583152331272	4.35889894354067	2.14249854142307
51	1	23	19	15	4.5903	2	.	5	.	2	.	14	.	13	.	0	.	-1.38728278496628	-1.51476764069087	-0.263959568676716	4.79583152331272	4.35889894354067	2.14249854142307
51	4	23	19	15	4.5903	.	2	.	3	.	1	.	10	.	14	.	2	-1.38728278496628	-1.51476764069087	-0.263959568676716	4.79583152331272	4.35889894354067	2.14249854142307
51	3	23	19	15	4.5903	1	1	5	4	2	0	12	11	12	10	6	8	-1.38728278496628	-1.51476764069087	-0.263959568676716	4.79583152331272	4.35889894354067	2.14249854142307
52	2	57	32	28	4.6732	1	1	5	5	0	3	17	14	5	8	5	0	0.896572156644872	0.362561017447306	0.0191699561932071	7.54983443527075	5.65685424949238	2.16175854340858
52	6	57	32	28	4.6732	.	2	.	4	.	1	.	9	.	14	.	2	0.896572156644872	0.362561017447306	0.0191699561932071	7.54983443527075	5.65685424949238	2.16175854340858
52	5	57	32	28	4.6732	1	1	4	5	0	0	14	21	2	3	4	0	0.896572156644872	0.362561017447306	0.0191699561932071	7.54983443527075	5.65685424949238	2.16175854340858
52	1	57	32	28	4.6732	1	1	4	4	0	0	13	9	7	1	0	4	0.896572156644872	0.362561017447306	0.0191699561932071	7.54983443527075	5.65685424949238	2.16175854340858
52	4	57	32	28	4.6732	1	2	5	5	0	0	15	15	6	6	1	0	0.896572156644872	0.362561017447306	0.0191699561932071	7.54983443527075	5.65685424949238	2.16175854340858
52	3	57	32	28	4.6732	.	1	.	8	.	0	.	25	.	5	.	0	0.896572156644872	0.362561017447306	0.0191699561932071	7.54983443527075	5.65685424949238	2.16175854340858
53	2	63	43	34	3.8963	1	1	5	8	1	3	12	22	7	19	0	2	1.29960538163508	1.95106988202576	-2.63418743670721	7.93725393319377	6.557438524302	1.97390475960721
53	6	63	43	34	3.8963	1	1	5	9	0	1	15	22	0	20	1	4	1.29960538163508	1.95106988202576	-2.63418743670721	7.93725393319377	6.557438524302	1.97390475960721
53	5	63	43	34	3.8963	1	1	5	8	1	2	18	24	10	36	0	1	1.29960538163508	1.95106988202576	-2.63418743670721	7.93725393319377	6.557438524302	1.97390475960721
53	1	63	43	34	3.8963	.	2	.	9	.	3	.	17	.	20	.	0	1.29960538163508	1.95106988202576	-2.63418743670721	7.93725393319377	6.557438524302	1.97390475960721
53	4	63	43	34	3.8963	1	1	4	4	0	1	15	16	5	14	0	0	1.29960538163508	1.95106988202576	-2.63418743670721	7.93725393319377	6.557438524302	1.97390475960721
53	3	63	43	34	3.8963	1	1	5	8	0	3	21	17	9	12	0	1	1.29960538163508	1.95106988202576	-2.63418743670721	7.93725393319377	6.557438524302	1.97390475960721
54	2	30	22	18	4.8059	1	1	5	5	0	0	18	12	0	6	4	1	-0.917077355811041	-1.08153795035129	0.472382114820942	5.47722557505166	4.69041575982343	2.19223630113179
54	6	30	22	18	4.8059	2	.	3	.	0	.	11	.	8	.	0	.	-0.917077355811041	-1.08153795035129	0.472382114820942	5.47722557505166	4.69041575982343	2.19223630113179
54	5	30	22	18	4.8059	1	.	8	.	2	.	22	.	3	.	0	.	-0.917077355811041	-1.08153795035129	0.472382114820942	5.47722557505166	4.69041575982343	2.19223630113179
54	1	30	22	18	4.8059	.	1	.	8	.	0	.	21	.	1	.	0	-0.917077355811041	-1.08153795035129	0.472382114820942	5.47722557505166	4.69041575982343	2.19223630113179
54	4	30	22	18	4.8059	1	2	4	3	0	0	15	10	0	6	0	2	-0.917077355811041	-1.08153795035129	0.472382114820942	5.47722557505166	4.69041575982343	2.19223630113179
54	3	30	22	18	4.8059	1	1	5	5	1	0	18	17	5	4	1	4	-0.917077355811041	-1.08153795035129	0.472382114820942	5.47722557505166	4.69041575982343	2.19223630113179
55	2	66	36	31	4.7021	1	1	9	2	1	3	22	20	10	7	4	1	1.50112199413018	0.940200604566744	0.11787252879563	8.12403840463596	6	2.16843261366361
55	6	66	36	31	4.7021	2	2	5	5	1	1	19	14	10	11	6	0	1.50112199413018	0.940200604566744	0.11787252879563	8.12403840463596	6	2.16843261366361
55	5	66	36	31	4.7021	2	1	3	8	1	0	14	22	10	8	2	1	1.50112199413018	0.940200604566744	0.11787252879563	8.12403840463596	6	2.16843261366361
55	1	66	36	31	4.7021	1	2	3	3	1	1	18	18	7	23	0	0	1.50112199413018	0.940200604566744	0.11787252879563	8.12403840463596	6	2.16843261366361
55	4	66	36	31	4.7021	1	2	5	8	1	0	22	10	7	8	1	3	1.50112199413018	0.940200604566744	0.11787252879563	8.12403840463596	6	2.16843261366361
55	3	66	36	31	4.7021	1	1	8	5	1	2	25	19	12	7	0	0	1.50112199413018	0.940200604566744	0.11787252879563	8.12403840463596	6	2.16843261366361
56	2	30	23	19	3.9807	1	1	5	8	0	0	19	18	6	12	0	3	-0.917077355811041	-0.937128053571428	-2.34593494094097	5.47722557505166	4.79583152331272	1.99516916576014
56	6	30	23	19	3.9807	1	1	4	8	0	0	13	18	16	5	3	1	-0.917077355811041	-0.937128053571428	-2.34593494094097	5.47722557505166	4.79583152331272	1.99516916576014
56	5	30	23	19	3.9807	2	1	8	2	1	0	18	10	13	6	2	0	-0.917077355811041	-0.937128053571428	-2.34593494094097	5.47722557505166	4.79583152331272	1.99516916576014
56	1	30	23	19	3.9807	1	1	5	2	1	0	21	8	14	5	2	2	-0.917077355811041	-0.937128053571428	-2.34593494094097	5.47722557505166	4.79583152331272	1.99516916576014
56	4	30	23	19	3.9807	1	1	3	8	0	0	10	7	8	9	3	7	-0.917077355811041	-0.937128053571428	-2.34593494094097	5.47722557505166	4.79583152331272	1.99516916576014
56	3	30	23	19	3.9807	1	1	5	4	2	1	20	16	16	12	0	3	-0.917077355811041	-0.937128053571428	-2.34593494094097	5.47722557505166	4.79583152331272	1.99516916576014
57	2	22	21	17	4.7766	1	2	4	5	2	3	9	13	8	17	2	4	-1.45445498913131	-1.22594784713115	0.372313416646168	4.69041575982343	4.58257569495584	2.1855434106876
57	6	22	21	17	4.7766	1	.	5	.	0	.	19	.	16	.	4	.	-1.45445498913131	-1.22594784713115	0.372313416646168	4.69041575982343	4.58257569495584	2.1855434106876
57	5	22	21	17	4.7766	2	1	4	5	1	0	16	13	12	9	0	1	-1.45445498913131	-1.22594784713115	0.372313416646168	4.69041575982343	4.58257569495584	2.1855434106876
57	1	22	21	17	4.7766	1	.	5	.	1	.	18	.	11	.	0	.	-1.45445498913131	-1.22594784713115	0.372313416646168	4.69041575982343	4.58257569495584	2.1855434106876
57	4	22	21	17	4.7766	1	1	4	3	2	3	15	14	3	5	3	2	-1.45445498913131	-1.22594784713115	0.372313416646168	4.69041575982343	4.58257569495584	2.1855434106876
57	3	22	21	17	4.7766	.	.	.	.	.	.	.	.	.	.	.	.	-1.45445498913131	-1.22594784713115	0.372313416646168	4.69041575982343	4.58257569495584	2.1855434106876
58	2	31	26	17	4.6928	2	1	3	5	1	1	10	22	10	15	2	2	-0.849905151646007	-0.50389836323185	0.0861101092384504	5.56776436283002	5.09901951359278	2.16628714624816
58	6	31	26	17	4.6928	1	1	4	8	3	0	25	18	17	15	1	5	-0.849905151646007	-0.50389836323185	0.0861101092384504	5.56776436283002	5.09901951359278	2.16628714624816
58	5	31	26	17	4.6928	1	1	4	5	2	0	19	22	16	3	0	9	-0.849905151646007	-0.50389836323185	0.0861101092384504	5.56776436283002	5.09901951359278	2.16628714624816
58	1	31	26	17	4.6928	1	1	9	4	1	4	23	19	7	18	2	3	-0.849905151646007	-0.50389836323185	0.0861101092384504	5.56776436283002	5.09901951359278	2.16628714624816
58	4	31	26	17	4.6928	1	2	3	3	1	1	13	14	15	7	3	1	-0.849905151646007	-0.50389836323185	0.0861101092384504	5.56776436283002	5.09901951359278	2.16628714624816
58	3	31	26	17	4.6928	1	1	9	3	0	0	21	20	8	17	1	1	-0.849905151646007	-0.50389836323185	0.0861101092384504	5.56776436283002	5.09901951359278	2.16628714624816
59	2	44	32	28	5.0209	1	1	8	4	0	2	21	15	6	4	2	5	0.0233335024994326	0.362561017447306	1.20667460996007	6.6332495807108	5.65685424949238	2.24073648606881
59	6	44	32	28	5.0209	1	1	4	5	0	1	15	14	10	8	1	2	0.0233335024994326	0.362561017447306	1.20667460996007	6.6332495807108	5.65685424949238	2.24073648606881
59	5	44	32	28	5.0209	1	.	4	.	0	.	16	.	0	.	0	.	0.0233335024994326	0.362561017447306	1.20667460996007	6.6332495807108	5.65685424949238	2.24073648606881
59	1	44	32	28	5.0209	.	.	.	.	.	.	.	.	.	.	.	.	0.0233335024994326	0.362561017447306	1.20667460996007	6.6332495807108	5.65685424949238	2.24073648606881
59	4	44	32	28	5.0209	2	1	5	5	1	0	15	22	6	15	1	3	0.0233335024994326	0.362561017447306	1.20667460996007	6.6332495807108	5.65685424949238	2.24073648606881
59	3	44	32	28	5.0209	1	1	8	9	1	2	22	18	6	11	1	3	0.0233335024994326	0.362561017447306	1.20667460996007	6.6332495807108	5.65685424949238	2.24073648606881
60	2	29	23	19	4.9834	1	1	4	3	1	0	14	11	8	9	1	1	-0.984249559976075	-0.937128053571428	1.07860033755208	5.3851648071345	4.79583152331272	2.23235301867783
60	6	29	23	19	4.9834	.	1	.	3	.	0	.	10	.	6	.	1	-0.984249559976075	-0.937128053571428	1.07860033755208	5.3851648071345	4.79583152331272	2.23235301867783
60	5	29	23	19	4.9834	.	1	.	5	.	1	.	15	.	8	.	1	-0.984249559976075	-0.937128053571428	1.07860033755208	5.3851648071345	4.79583152331272	2.23235301867783
60	1	29	23	19	4.9834	1	.	5	.	0	.	21	.	6	.	1	.	-0.984249559976075	-0.937128053571428	1.07860033755208	5.3851648071345	4.79583152331272	2.23235301867783
60	4	29	23	19	4.9834	1	1	4	3	2	1	22	17	14	4	0	0	-0.984249559976075	-0.937128053571428	1.07860033755208	5.3851648071345	4.79583152331272	2.23235301867783
60	3	29	23	19	4.9834	1	.	5	.	1	.	19	.	9	.	0	.	-0.984249559976075	-0.937128053571428	1.07860033755208	5.3851648071345	4.79583152331272	2.23235301867783
61	2	74	46	30	4.8011	1	1	4	5	2	2	15	22	7	9	0	0	2.03849962745045	2.38429957236534	0.455988607952719	8.60232526704263	6.78232998312527	2.19114125514536
61	6	74	46	30	4.8011	.	2	.	2	.	1	.	23	.	4	.	2	2.03849962745045	2.38429957236534	0.455988607952719	8.60232526704263	6.78232998312527	2.19114125514536
61	5	74	46	30	4.8011	1	2	5	5	1	1	22	11	11	3	0	1	2.03849962745045	2.38429957236534	0.455988607952719	8.60232526704263	6.78232998312527	2.19114125514536
61	1	74	46	30	4.8011	1	1	9	8	2	1	18	19	8	3	0	0	2.03849962745045	2.38429957236534	0.455988607952719	8.60232526704263	6.78232998312527	2.19114125514536
61	4	74	46	30	4.8011	1	1	3	4	1	1	11	17	5	2	1	1	2.03849962745045	2.38429957236534	0.455988607952719	8.60232526704263	6.78232998312527	2.19114125514536
61	3	74	46	30	4.8011	2	2	3	3	1	.	10	18	6	0	1	0	2.03849962745045	2.38429957236534	0.455988607952719	8.60232526704263	6.78232998312527	2.19114125514536
62	2	50	23	19	4.9916	2	.	3	.	0	.	21	.	3	.	0	.	0.426366727489635	-0.937128053571428	1.1066059117853	7.07106781186548	4.79583152331272	2.23418889085055
62	6	50	23	19	4.9916	1	2	9	5	0	0	20	16	3	2	1	0	0.426366727489635	-0.937128053571428	1.1066059117853	7.07106781186548	4.79583152331272	2.23418889085055
62	5	50	23	19	4.9916	.	1	.	8	.	0	.	18	.	3	.	1	0.426366727489635	-0.937128053571428	1.1066059117853	7.07106781186548	4.79583152331272	2.23418889085055
62	1	50	23	19	4.9916	2	1	9	9	0	1	22	22	3	4	0	0	0.426366727489635	-0.937128053571428	1.1066059117853	7.07106781186548	4.79583152331272	2.23418889085055
62	4	50	23	19	4.9916	2	1	9	5	0	0	20	14	7	1	0	0	0.426366727489635	-0.937128053571428	1.1066059117853	7.07106781186548	4.79583152331272	2.23418889085055
62	3	50	23	19	4.9916	2	1	9	5	1	0	22	16	5	0	0	1	0.426366727489635	-0.937128053571428	1.1066059117853	7.07106781186548	4.79583152331272	2.23418889085055
63	2	67	30	26	5.0103	1	1	4	4	0	0	15	20	6	13	0	8	1.56829419829521	0.0737412238875877	1.17047228229275	8.18535277187245	5.47722557505166	2.23836994261449
63	6	67	30	26	5.0103	2	.	4	.	1	.	13	.	14	.	7	.	1.56829419829521	0.0737412238875877	1.17047228229275	8.18535277187245	5.47722557505166	2.23836994261449
63	5	67	30	26	5.0103	.	.	.	.	.	.	.	.	.	.	.	.	1.56829419829521	0.0737412238875877	1.17047228229275	8.18535277187245	5.47722557505166	2.23836994261449
63	1	67	30	26	5.0103	1	1	3	5	1	1	13	14	10	5	3	2	1.56829419829521	0.0737412238875877	1.17047228229275	8.18535277187245	5.47722557505166	2.23836994261449
63	4	67	30	26	5.0103	1	1	4	5	0	2	19	21	8	16	0	2	1.56829419829521	0.0737412238875877	1.17047228229275	8.18535277187245	5.47722557505166	2.23836994261449
63	3	67	30	26	5.0103	1	1	5	4	0	4	22	15	1	7	0	2	1.56829419829521	0.0737412238875877	1.17047228229275	8.18535277187245	5.47722557505166	2.23836994261449
64	2	42	38	32	4.8847	1	.	5	.	1	.	25	.	2	.	1	.	-0.111010905830635	1.22902039812646	0.741508852574258	6.48074069840786	6.16441400296898	2.21013574243755
64	6	42	38	32	4.8847	2	2	5	5	0	0	18	19	6	10	3	0	-0.111010905830635	1.22902039812646	0.741508852574258	6.48074069840786	6.16441400296898	2.21013574243755
64	5	42	38	32	4.8847	.	2	.	5	.	0	.	18	.	9	.	0	-0.111010905830635	1.22902039812646	0.741508852574258	6.48074069840786	6.16441400296898	2.21013574243755
64	1	42	38	32	4.8847	1	1	8	8	0	1	25	20	12	10	2	1	-0.111010905830635	1.22902039812646	0.741508852574258	6.48074069840786	6.16441400296898	2.21013574243755
64	4	42	38	32	4.8847	1	1	5	5	4	2	23	21	12	9	0	2	-0.111010905830635	1.22902039812646	0.741508852574258	6.48074069840786	6.16441400296898	2.21013574243755
64	3	42	38	32	4.8847	1	1	5	5	1	0	25	21	12	11	1	1	-0.111010905830635	1.22902039812646	0.741508852574258	6.48074069840786	6.16441400296898	2.21013574243755
65	2	61	28	21	4.7503	1	1	5	5	2	3	23	17	3	17	1	0	1.16526097330501	-0.215078569672131	0.282490660264032	7.81024967590665	5.29150262212918	2.17951829540383
65	6	61	28	21	4.7503	1	.	3	.	0	.	11	.	1	.	6	.	1.16526097330501	-0.215078569672131	0.282490660264032	7.81024967590665	5.29150262212918	2.17951829540383
65	5	61	28	21	4.7503	1	1	5	5	2	1	21	19	13	15	2	0	1.16526097330501	-0.215078569672131	0.282490660264032	7.81024967590665	5.29150262212918	2.17951829540383
65	1	61	28	21	4.7503	1	1	5	5	1	0	16	18	4	9	1	1	1.16526097330501	-0.215078569672131	0.282490660264032	7.81024967590665	5.29150262212918	2.17951829540383
65	4	61	28	21	4.7503	2	2	5	8	1	3	20	24	9	19	2	1	1.16526097330501	-0.215078569672131	0.282490660264032	7.81024967590665	5.29150262212918	2.17951829540383
65	3	61	28	21	4.7503	1	1	5	5	0	1	19	16	3	11	1	3	1.16526097330501	-0.215078569672131	0.282490660264032	7.81024967590665	5.29150262212918	2.17951829540383
66	2	43	27	19	4.9866	1	.	8	.	0	.	23	.	1	.	0	.	-0.0438387016656012	-0.35948846645199	1.0895293421309	6.557438524302	5.19615242270663	2.23306963617349
66	6	43	27	19	4.9866	.	.	.	.	.	.	.	.	.	.	.	.	-0.0438387016656012	-0.35948846645199	1.0895293421309	6.557438524302	5.19615242270663	2.23306963617349
66	5	43	27	19	4.9866	1	1	8	5	1	1	23	17	2	2	0	0	-0.0438387016656012	-0.35948846645199	1.0895293421309	6.557438524302	5.19615242270663	2.23306963617349
66	1	43	27	19	4.9866	1	1	4	5	0	1	11	22	3	2	0	1	-0.0438387016656012	-0.35948846645199	1.0895293421309	6.557438524302	5.19615242270663	2.23306963617349
66	4	43	27	19	4.9866	.	2	.	3	.	1	.	21	.	4	.	1	-0.0438387016656012	-0.35948846645199	1.0895293421309	6.557438524302	5.19615242270663	2.23306963617349
66	3	43	27	19	4.9866	1	1	5	5	1	.	21	20	5	0	0	0	-0.0438387016656012	-0.35948846645199	1.0895293421309	6.557438524302	5.19615242270663	2.23306963617349
67	2	73	35	23	5.0594	2	.	4	.	3	.	12	.	15	.	2	.	1.97132742328541	0.795790707786885	1.33816419629894	8.54400374531753	5.91607978309962	2.24931100561928
67	6	73	35	23	5.0594	1	2	4	4	0	2	13	14	4	11	2	3	1.97132742328541	0.795790707786885	1.33816419629894	8.54400374531753	5.91607978309962	2.24931100561928
67	5	73	35	23	5.0594	1	.	8	.	1	.	13	.	15	.	0	.	1.97132742328541	0.795790707786885	1.33816419629894	8.54400374531753	5.91607978309962	2.24931100561928
67	1	73	35	23	5.0594	2	2	5	5	2	2	19	12	17	6	0	2	1.97132742328541	0.795790707786885	1.33816419629894	8.54400374531753	5.91607978309962	2.24931100561928
67	4	73	35	23	5.0594	.	1	.	8	.	2	.	18	.	9	.	2	1.97132742328541	0.795790707786885	1.33816419629894	8.54400374531753	5.91607978309962	2.24931100561928
67	3	73	35	23	5.0594	1	1	3	8	2	1	12	22	12	7	1	0	1.97132742328541	0.795790707786885	1.33816419629894	8.54400374531753	5.91607978309962	2.24931100561928
68	2	49	29	25	4.5448	1	2	5	3	0	0	24	19	3	6	1	4	0.359194523324602	-0.0706686728922716	-0.419356352531741	7	5.3851648071345	2.13185365351377
68	6	49	29	25	4.5448	1	1	5	9	0	0	23	13	5	6	1	1	0.359194523324602	-0.0706686728922716	-0.419356352531741	7	5.3851648071345	2.13185365351377
68	5	49	29	25	4.5448	.	1	.	5	.	2	.	21	.	16	.	6	0.359194523324602	-0.0706686728922716	-0.419356352531741	7	5.3851648071345	2.13185365351377
68	1	49	29	25	4.5448	2	.	4	.	0	.	17	.	4	.	8	.	0.359194523324602	-0.0706686728922716	-0.419356352531741	7	5.3851648071345	2.13185365351377
68	4	49	29	25	4.5448	1	1	5	9	0	2	19	25	6	9	0	2	0.359194523324602	-0.0706686728922716	-0.419356352531741	7	5.3851648071345	2.13185365351377
68	3	49	29	25	4.5448	1	2	9	5	1	0	25	15	4	5	0	4	0.359194523324602	-0.0706686728922716	-0.419356352531741	7	5.3851648071345	2.13185365351377
69	2	24	30	18	4.6276	1	1	5	5	0	0	23	17	10	7	1	0	-1.32011058080124	0.0737412238875877	-0.136568359054904	4.89897948556636	5.47722557505166	2.15118571955096
69	6	24	30	18	4.6276	1	1	4	5	0	0	17	16	4	3	7	1	-1.32011058080124	0.0737412238875877	-0.136568359054904	4.89897948556636	5.47722557505166	2.15118571955096
69	5	24	30	18	4.6276	.	1	.	2	.	0	.	13	.	8	.	6	-1.32011058080124	0.0737412238875877	-0.136568359054904	4.89897948556636	5.47722557505166	2.15118571955096
69	1	24	30	18	4.6276	1	2	5	4	0	0	25	20	13	10	1	0	-1.32011058080124	0.0737412238875877	-0.136568359054904	4.89897948556636	5.47722557505166	2.15118571955096
69	4	24	30	18	4.6276	1	1	2	1	0	0	13	19	10	15	0	3	-1.32011058080124	0.0737412238875877	-0.136568359054904	4.89897948556636	5.47722557505166	2.15118571955096
69	3	24	30	18	4.6276	1	1	8	2	0	0	16	15	7	7	6	0	-1.32011058080124	0.0737412238875877	-0.136568359054904	4.89897948556636	5.47722557505166	2.15118571955096
70	2	56	29	22	4.9825	1	1	5	4	0	2	18	16	7	10	3	5	0.829399952479838	-0.0706686728922716	1.07552655501429	7.48331477354788	5.3851648071345	2.23215142855497
70	6	56	29	22	4.9825	.	.	.	.	.	.	.	.	.	.	.	.	0.829399952479838	-0.0706686728922716	1.07552655501429	7.48331477354788	5.3851648071345	2.23215142855497
70	5	56	29	22	4.9825	1	2	4	5	2	2	13	18	9	14	1	1	0.829399952479838	-0.0706686728922716	1.07552655501429	7.48331477354788	5.3851648071345	2.23215142855497
70	1	56	29	22	4.9825	1	1	5	5	3	2	19	14	10	5	2	4	0.829399952479838	-0.0706686728922716	1.07552655501429	7.48331477354788	5.3851648071345	2.23215142855497
70	4	56	29	22	4.9825	2	.	5	.	1	.	18	.	16	.	2	.	0.829399952479838	-0.0706686728922716	1.07552655501429	7.48331477354788	5.3851648071345	2.23215142855497
70	3	56	29	22	4.9825	1	1	5	5	2	0	16	18	8	2	2	5	0.829399952479838	-0.0706686728922716	1.07552655501429	7.48331477354788	5.3851648071345	2.23215142855497
71	2	42	45	31	4.8121	1	2	1	3	1	2	8	15	5	7	0	0	-0.111010905830635	2.23988967558548	0.493557061192396	6.48074069840786	6.70820393249937	2.19364992649237
71	6	42	45	31	4.8121	1	.	1	.	0	.	11	.	4	.	0	.	-0.111010905830635	2.23988967558548	0.493557061192396	6.48074069840786	6.70820393249937	2.19364992649237
71	5	42	45	31	4.8121	1	.	3	.	1	.	10	.	8	.	0	.	-0.111010905830635	2.23988967558548	0.493557061192396	6.48074069840786	6.70820393249937	2.19364992649237
71	1	42	45	31	4.8121	1	1	3	1	0	0	12	10	5	6	2	0	-0.111010905830635	2.23988967558548	0.493557061192396	6.48074069840786	6.70820393249937	2.19364992649237
71	4	42	45	31	4.8121	2	1	4	5	1	4	12	22	6	10	1	1	-0.111010905830635	2.23988967558548	0.493557061192396	6.48074069840786	6.70820393249937	2.19364992649237
71	3	42	45	31	4.8121	1	1	3	3	1	3	9	17	4	17	2	2	-0.111010905830635	2.23988967558548	0.493557061192396	6.48074069840786	6.70820393249937	2.19364992649237
72	2	39	32	28	4.8965	1	1	1	1	1	1	18	25	6	5	0	0	-0.312527518325736	0.362561017447306	0.781809556958639	6.2449979983984	5.65685424949238	2.21280365147927
72	6	39	32	28	4.8965	2	1	3	4	0	1	21	24	2	13	1	1	-0.312527518325736	0.362561017447306	0.781809556958639	6.2449979983984	5.65685424949238	2.21280365147927
72	5	39	32	28	4.8965	2	1	3	1	0	0	21	21	1	0	0	0	-0.312527518325736	0.362561017447306	0.781809556958639	6.2449979983984	5.65685424949238	2.21280365147927
72	1	39	32	28	4.8965	2	1	1	1	0	2	6	9	5	7	1	0	-0.312527518325736	0.362561017447306	0.781809556958639	6.2449979983984	5.65685424949238	2.21280365147927
72	4	39	32	28	4.8965	2	1	3	4	0	2	8	9	3	13	1	0	-0.312527518325736	0.362561017447306	0.781809556958639	6.2449979983984	5.65685424949238	2.21280365147927
72	3	39	32	28	4.8965	2	1	1	3	1	0	19	22	4	4	0	0	-0.312527518325736	0.362561017447306	0.781809556958639	6.2449979983984	5.65685424949238	2.21280365147927
73	2	50	27	23	4.7949	1	1	4	5	1	1	12	13	12	7	1	2	0.426366727489635	-0.35948846645199	0.434813661581266	7.07106781186548	5.19615242270663	2.1897260102579
73	6	50	27	23	4.7949	1	1	8	9	0	0	20	18	10	7	0	2	0.426366727489635	-0.35948846645199	0.434813661581266	7.07106781186548	5.19615242270663	2.1897260102579
73	5	50	27	23	4.7949	1	1	4	5	1	0	12	19	2	10	3	5	0.426366727489635	-0.35948846645199	0.434813661581266	7.07106781186548	5.19615242270663	2.1897260102579
73	1	50	27	23	4.7949	1	1	5	3	1	2	18	9	8	9	1	2	0.426366727489635	-0.35948846645199	0.434813661581266	7.07106781186548	5.19615242270663	2.1897260102579
73	4	50	27	23	4.7949	1	1	3	4	0	0	13	17	15	22	0	4	0.426366727489635	-0.35948846645199	0.434813661581266	7.07106781186548	5.19615242270663	2.1897260102579
73	3	50	27	23	4.7949	1	1	9	8	1	3	23	20	8	12	10	1	0.426366727489635	-0.35948846645199	0.434813661581266	7.07106781186548	5.19615242270663	2.1897260102579
74	2	20	19	15	4.5816	1	1	8	8	0	1	15	22	1	3	0	0	-1.58879939746138	-1.51476764069087	-0.29367279987537	4.47213595499958	4.35889894354067	2.14046723871215
74	6	20	19	15	4.5816	1	2	9	3	0	0	22	15	4	4	0	0	-1.58879939746138	-1.51476764069087	-0.29367279987537	4.47213595499958	4.35889894354067	2.14046723871215
74	5	20	19	15	4.5816	2	2	4	3	0	0	16	7	3	2	1	0	-1.58879939746138	-1.51476764069087	-0.29367279987537	4.47213595499958	4.35889894354067	2.14046723871215
74	1	20	19	15	4.5816	2	1	8	4	1	0	19	11	6	6	0	2	-1.58879939746138	-1.51476764069087	-0.29367279987537	4.47213595499958	4.35889894354067	2.14046723871215
74	4	20	19	15	4.5816	1	1	5	4	0	1	17	17	3	5	0	0	-1.58879939746138	-1.51476764069087	-0.29367279987537	4.47213595499958	4.35889894354067	2.14046723871215
74	3	20	19	15	4.5816	2	1	4	5	1	2	11	13	4	7	0	0	-1.58879939746138	-1.51476764069087	-0.29367279987537	4.47213595499958	4.35889894354067	2.14046723871215
75	2	35	30	26	4.5897	1	.	5	.	1	.	20	.	5	.	0	.	-0.581216334985872	0.0737412238875877	-0.266008757035246	5.91607978309962	5.47722557505166	2.1423585134146
75	6	35	30	26	4.5897	.	1	.	8	.	0	.	19	.	13	.	0	-0.581216334985872	0.0737412238875877	-0.266008757035246	5.91607978309962	5.47722557505166	2.1423585134146
75	5	35	30	26	4.5897	1	2	5	3	0	0	11	9	10	19	0	2	-0.581216334985872	0.0737412238875877	-0.266008757035246	5.91607978309962	5.47722557505166	2.1423585134146
75	1	35	30	26	4.5897	1	1	3	8	0	0	14	13	2	12	5	1	-0.581216334985872	0.0737412238875877	-0.266008757035246	5.91607978309962	5.47722557505166	2.1423585134146
75	4	35	30	26	4.5897	1	1	3	4	0	0	10	14	13	11	1	8	-0.581216334985872	0.0737412238875877	-0.266008757035246	5.91607978309962	5.47722557505166	2.1423585134146
75	3	35	30	26	4.5897	1	.	4	.	0	.	15	.	10	.	2	.	-0.581216334985872	0.0737412238875877	-0.266008757035246	5.91607978309962	5.47722557505166	2.1423585134146
76	2	30	39	29	4.6415	1	2	3	3	0	1	15	13	2	3	2	4	-0.917077355811041	1.37343029490632	-0.0890954954156781	5.47722557505166	6.2449979983984	2.15441407347798
76	6	30	39	29	4.6415	.	.	.	.	.	.	.	.	.	.	.	.	-0.917077355811041	1.37343029490632	-0.0890954954156781	5.47722557505166	6.2449979983984	2.15441407347798
76	5	30	39	29	4.6415	1	1	4	2	1	0	18	17	10	7	0	2	-0.917077355811041	1.37343029490632	-0.0890954954156781	5.47722557505166	6.2449979983984	2.15441407347798
76	1	30	39	29	4.6415	2	.	5	.	0	.	19	.	5	.	1	.	-0.917077355811041	1.37343029490632	-0.0890954954156781	5.47722557505166	6.2449979983984	2.15441407347798
76	4	30	39	29	4.6415	.	2	.	4	.	1	.	18	.	4	.	1	-0.917077355811041	1.37343029490632	-0.0890954954156781	5.47722557505166	6.2449979983984	2.15441407347798
76	3	30	39	29	4.6415	2	2	3	2	2	0	15	12	6	3	0	2	-0.917077355811041	1.37343029490632	-0.0890954954156781	5.47722557505166	6.2449979983984	2.15441407347798
77	2	44	50	38	4.9026	2	.	5	.	0	.	9	.	6	.	1	.	0.0233335024994326	2.96193915948478	0.802642971937005	6.6332495807108	7.07106781186548	2.21418156437091
77	6	44	50	38	4.9026	1	.	5	.	0	.	11	.	14	.	3	.	0.0233335024994326	2.96193915948478	0.802642971937005	6.6332495807108	7.07106781186548	2.21418156437091
77	5	44	50	38	4.9026	1	1	5	5	0	0	14	16	8	15	1	0	0.0233335024994326	2.96193915948478	0.802642971937005	6.6332495807108	7.07106781186548	2.21418156437091
77	1	44	50	38	4.9026	1	.	5	.	1	.	14	.	16	.	1	.	0.0233335024994326	2.96193915948478	0.802642971937005	6.6332495807108	7.07106781186548	2.21418156437091
77	4	44	50	38	4.9026	2	2	5	9	1	0	8	23	7	6	0	6	0.0233335024994326	2.96193915948478	0.802642971937005	6.6332495807108	7.07106781186548	2.21418156437091
77	3	44	50	38	4.9026	.	2	.	5	.	1	.	15	.	8	.	0	0.0233335024994326	2.96193915948478	0.802642971937005	6.6332495807108	7.07106781186548	2.21418156437091
78	2	77	33	28	4.9765	1	2	5	4	0	1	14	12	12	6	1	3	2.24001623994555	0.506970914227166	1.05503467142901	8.77496438739212	5.74456264653803	2.23080702885749
78	6	77	33	28	4.9765	.	1	.	4	.	1	.	16	.	5	.	1	2.24001623994555	0.506970914227166	1.05503467142901	8.77496438739212	5.74456264653803	2.23080702885749
78	5	77	33	28	4.9765	2	1	4	4	1	1	12	14	22	16	4	5	2.24001623994555	0.506970914227166	1.05503467142901	8.77496438739212	5.74456264653803	2.23080702885749
78	1	77	33	28	4.9765	.	1	.	4	.	1	.	14	.	14	.	2	2.24001623994555	0.506970914227166	1.05503467142901	8.77496438739212	5.74456264653803	2.23080702885749
78	4	77	33	28	4.9765	2	1	4	5	0	0	13	17	9	11	6	5	2.24001623994555	0.506970914227166	1.05503467142901	8.77496438739212	5.74456264653803	2.23080702885749
78	3	77	33	28	4.9765	1	1	5	8	1	1	16	15	7	10	1	1	2.24001623994555	0.506970914227166	1.05503467142901	8.77496438739212	5.74456264653803	2.23080702885749
79	2	42	27	21	4.814	1	1	4	3	0	2	21	22	5	5	2	1	-0.111010905830635	-0.35948846645199	0.500046157661067	6.48074069840786	5.19615242270663	2.19408295194143
79	6	42	27	21	4.814	.	2	.	9	.	0	.	25	.	6	.	2	-0.111010905830635	-0.35948846645199	0.500046157661067	6.48074069840786	5.19615242270663	2.19408295194143
79	5	42	27	21	4.814	1	1	4	8	0	0	17	19	5	4	3	2	-0.111010905830635	-0.35948846645199	0.500046157661067	6.48074069840786	5.19615242270663	2.19408295194143
79	1	42	27	21	4.814	1	.	5	.	0	.	19	.	6	.	3	.	-0.111010905830635	-0.35948846645199	0.500046157661067	6.48074069840786	5.19615242270663	2.19408295194143
79	4	42	27	21	4.814	2	2	5	4	0	0	16	17	4	5	2	1	-0.111010905830635	-0.35948846645199	0.500046157661067	6.48074069840786	5.19615242270663	2.19408295194143
79	3	42	27	21	4.814	2	1	3	3	0	0	9	24	2	7	2	1	-0.111010905830635	-0.35948846645199	0.500046157661067	6.48074069840786	5.19615242270663	2.19408295194143
80	2	33	22	18	4.3149	1	1	9	9	3	1	24	24	8	9	0	2	-0.715560743315939	-1.08153795035129	-1.20453702524098	5.74456264653803	4.69041575982343	2.07723373744988
80	6	33	22	18	4.3149	.	.	.	.	.	.	.	.	.	.	.	.	-0.715560743315939	-1.08153795035129	-1.20453702524098	5.74456264653803	4.69041575982343	2.07723373744988
80	5	33	22	18	4.3149	1	1	5	9	0	0	23	23	11	9	5	3	-0.715560743315939	-1.08153795035129	-1.20453702524098	5.74456264653803	4.69041575982343	2.07723373744988
80	1	33	22	18	4.3149	1	1	9	9	0	0	25	23	6	5	3	1	-0.715560743315939	-1.08153795035129	-1.20453702524098	5.74456264653803	4.69041575982343	2.07723373744988
80	4	33	22	18	4.3149	1	1	5	8	0	1	21	24	7	8	6	2	-0.715560743315939	-1.08153795035129	-1.20453702524098	5.74456264653803	4.69041575982343	2.07723373744988
80	3	33	22	18	4.3149	1	1	9	9	3	2	25	21	16	11	0	2	-0.715560743315939	-1.08153795035129	-1.20453702524098	5.74456264653803	4.69041575982343	2.07723373744988
81	2	60	30	26	4.8951	1	1	5	8	2	2	15	17	6	8	0	2	1.09808876913997	0.0737412238875877	0.777028117455409	7.74596669241483	5.47722557505166	2.21248728809908
81	6	60	30	26	4.8951	1	1	4	8	0	1	15	15	6	10	3	0	1.09808876913997	0.0737412238875877	0.777028117455409	7.74596669241483	5.47722557505166	2.21248728809908
81	5	60	30	26	4.8951	1	1	8	5	1	1	18	14	11	6	0	1	1.09808876913997	0.0737412238875877	0.777028117455409	7.74596669241483	5.47722557505166	2.21248728809908
81	1	60	30	26	4.8951	1	1	4	4	0	3	11	17	5	16	4	2	1.09808876913997	0.0737412238875877	0.777028117455409	7.74596669241483	5.47722557505166	2.21248728809908
81	4	60	30	26	4.8951	.	1	.	5	.	1	.	19	.	7	.	0	1.09808876913997	0.0737412238875877	0.777028117455409	7.74596669241483	5.47722557505166	2.21248728809908
81	3	60	30	26	4.8951	1	1	5	5	1	1	15	17	8	5	0	2	1.09808876913997	0.0737412238875877	0.777028117455409	7.74596669241483	5.47722557505166	2.21248728809908
82	2	28	24	20	4.7174	1	1	4	5	0	2	9	22	6	8	4	0	-1.05142176414111	-0.792718156791568	0.170126831938089	5.29150262212918	4.89897948556636	2.17195764231258
82	6	28	24	20	4.7174	1	1	4	8	0	0	16	23	10	16	2	3	-1.05142176414111	-0.792718156791568	0.170126831938089	5.29150262212918	4.89897948556636	2.17195764231258
82	5	28	24	20	4.7174	2	.	4	.	0	.	10	.	3	.	1	.	-1.05142176414111	-0.792718156791568	0.170126831938089	5.29150262212918	4.89897948556636	2.17195764231258
82	1	28	24	20	4.7174	.	2	.	2	.	3	.	9	.	10	.	1	-1.05142176414111	-0.792718156791568	0.170126831938089	5.29150262212918	4.89897948556636	2.17195764231258
82	4	28	24	20	4.7174	2	1	4	4	0	0	9	15	3	7	4	1	-1.05142176414111	-0.792718156791568	0.170126831938089	5.29150262212918	4.89897948556636	2.17195764231258
82	3	28	24	20	4.7174	1	1	4	5	1	0	19	19	7	4	3	3	-1.05142176414111	-0.792718156791568	0.170126831938089	5.29150262212918	4.89897948556636	2.17195764231258
83	2	53	21	15	4.6867	2	1	8	5	1	4	24	25	5	6	0	0	0.627883339984737	-1.22594784713115	0.0652766942600844	7.28010988928052	4.58257569495584	2.16487874949153
83	6	53	21	15	4.6867	1	.	5	.	1	.	19	.	3	.	0	.	0.627883339984737	-1.22594784713115	0.0652766942600844	7.28010988928052	4.58257569495584	2.16487874949153
83	5	53	21	15	4.6867	.	1	.	3	.	0	.	16	.	5	.	2	0.627883339984737	-1.22594784713115	0.0652766942600844	7.28010988928052	4.58257569495584	2.16487874949153
83	1	53	21	15	4.6867	2	1	8	4	0	0	21	25	5	4	1	0	0.627883339984737	-1.22594784713115	0.0652766942600844	7.28010988928052	4.58257569495584	2.16487874949153
83	4	53	21	15	4.6867	1	.	8	.	2	.	18	.	4	.	0	.	0.627883339984737	-1.22594784713115	0.0652766942600844	7.28010988928052	4.58257569495584	2.16487874949153
83	3	53	21	15	4.6867	2	2	5	3	1	1	19	18	3	4	0	1	0.627883339984737	-1.22594784713115	0.0652766942600844	7.28010988928052	4.58257569495584	2.16487874949153
84	2	30	39	29	4.9026	1	1	3	3	1	1	11	17	6	6	0	1	-0.917077355811041	1.37343029490632	0.802642971937005	5.47722557505166	6.2449979983984	2.21418156437091
84	6	30	39	29	4.9026	1	1	1	2	0	0	17	12	4	9	0	1	-0.917077355811041	1.37343029490632	0.802642971937005	5.47722557505166	6.2449979983984	2.21418156437091
84	5	30	39	29	4.9026	.	1	.	3	.	0	.	15	.	10	.	3	-0.917077355811041	1.37343029490632	0.802642971937005	5.47722557505166	6.2449979983984	2.21418156437091
84	1	30	39	29	4.9026	1	1	1	2	0	2	13	14	6	7	1	1	-0.917077355811041	1.37343029490632	0.802642971937005	5.47722557505166	6.2449979983984	2.21418156437091
84	4	30	39	29	4.9026	1	1	1	5	0	3	20	20	3	11	1	3	-0.917077355811041	1.37343029490632	0.802642971937005	5.47722557505166	6.2449979983984	2.21418156437091
84	3	30	39	29	4.9026	1	.	4	.	1	.	12	.	6	.	2	.	-0.917077355811041	1.37343029490632	0.802642971937005	5.47722557505166	6.2449979983984	2.21418156437091
85	2	80	49	45	4.7631	1	1	8	9	1	0	25	25	4	1	0	1	2.44153285244065	2.81752926270492	0.32620667857929	8.94427190999916	7	2.18245274862939
85	6	80	49	45	4.7631	2	1	9	8	1	0	25	24	5	5	1	1	2.44153285244065	2.81752926270492	0.32620667857929	8.94427190999916	7	2.18245274862939
85	5	80	49	45	4.7631	1	2	9	4	2	0	20	14	3	5	1	1	2.44153285244065	2.81752926270492	0.32620667857929	8.94427190999916	7	2.18245274862939
85	1	80	49	45	4.7631	2	1	8	9	1	0	19	13	3	4	4	1	2.44153285244065	2.81752926270492	0.32620667857929	8.94427190999916	7	2.18245274862939
85	4	80	49	45	4.7631	1	1	5	4	2	1	14	24	3	6	0	3	2.44153285244065	2.81752926270492	0.32620667857929	8.94427190999916	7	2.18245274862939
85	3	80	49	45	4.7631	1	1	9	3	2	0	25	12	5	6	3	1	2.44153285244065	2.81752926270492	0.32620667857929	8.94427190999916	7	2.18245274862939
86	2	26	26	22	4.6914	2	2	4	8	1	0	18	18	8	20	0	4	-1.18576617247118	-0.50389836323185	0.0813286697352179	5.09901951359278	5.09901951359278	2.16596398862031
86	6	26	26	22	4.6914	2	2	8	8	0	1	21	13	10	9	13	0	-1.18576617247118	-0.50389836323185	0.0813286697352179	5.09901951359278	5.09901951359278	2.16596398862031
86	5	26	26	22	4.6914	1	1	3	5	1	0	16	19	11	10	1	2	-1.18576617247118	-0.50389836323185	0.0813286697352179	5.09901951359278	5.09901951359278	2.16596398862031
86	1	26	26	22	4.6914	2	1	5	4	1	2	17	16	6	14	1	0	-1.18576617247118	-0.50389836323185	0.0813286697352179	5.09901951359278	5.09901951359278	2.16596398862031
86	4	26	26	22	4.6914	1	1	4	5	1	1	12	20	9	16	2	1	-1.18576617247118	-0.50389836323185	0.0813286697352179	5.09901951359278	5.09901951359278	2.16596398862031
86	3	26	26	22	4.6914	1	.	8	.	1	.	24	.	13	.	6	.	-1.18576617247118	-0.50389836323185	0.0813286697352179	5.09901951359278	5.09901951359278	2.16596398862031
87	2	32	24	20	4.3224	2	1	5	8	0	2	17	20	6	21	0	3	-0.782732947480973	-0.792718156791568	-1.17892217075938	5.65685424949238	4.89897948556636	2.07903823918657
87	6	32	24	20	4.3224	1	2	8	5	0	0	17	15	2	10	0	2	-0.782732947480973	-0.792718156791568	-1.17892217075938	5.65685424949238	4.89897948556636	2.07903823918657
87	5	32	24	20	4.3224	2	2	5	4	0	0	16	12	7	4	4	1	-0.782732947480973	-0.792718156791568	-1.17892217075938	5.65685424949238	4.89897948556636	2.07903823918657
87	1	32	24	20	4.3224	1	2	8	4	0	2	17	15	9	10	5	0	-0.782732947480973	-0.792718156791568	-1.17892217075938	5.65685424949238	4.89897948556636	2.07903823918657
87	4	32	24	20	4.3224	1	1	5	5	0	0	14	16	0	9	3	2	-0.782732947480973	-0.792718156791568	-1.17892217075938	5.65685424949238	4.89897948556636	2.07903823918657
87	3	32	24	20	4.3224	1	1	8	8	0	2	17	15	8	7	1	1	-0.782732947480973	-0.792718156791568	-1.17892217075938	5.65685424949238	4.89897948556636	2.07903823918657
88	2	55	.	.	4.6043	1	1	5	5	1	1	17	18	5	8	0	0	0.762227748314805	.	-0.2161451736444	7.41619848709566	.	2.14576326746452
88	6	55	.	.	4.6043	.	1	.	5	.	0	.	16	.	8	.	0	0.762227748314805	.	-0.2161451736444	7.41619848709566	.	2.14576326746452
88	5	55	.	.	4.6043	1	1	5	4	1	0	14	16	8	7	0	0	0.762227748314805	.	-0.2161451736444	7.41619848709566	.	2.14576326746452
88	1	55	.	.	4.6043	1	1	5	5	0	1	13	11	7	4	0	1	0.762227748314805	.	-0.2161451736444	7.41619848709566	.	2.14576326746452
88	4	55	.	.	4.6043	1	1	5	3	1	1	12	10	6	12	1	0	0.762227748314805	.	-0.2161451736444	7.41619848709566	.	2.14576326746452
88	3	55	.	.	4.6043	1	1	5	1	1	0	13	21	5	4	0	1	0.762227748314805	.	-0.2161451736444	7.41619848709566	.	2.14576326746452
89	2	59	32	28	4.8189	1	1	5	8	0	1	15	24	3	3	0	1	1.03091656497494	0.362561017447306	0.516781195922378	7.68114574786861	5.65685424949238	2.19519930758007
89	6	59	32	28	4.8189	1	.	4	.	0	.	13	.	5	.	1	.	1.03091656497494	0.362561017447306	0.516781195922378	7.68114574786861	5.65685424949238	2.19519930758007
89	5	59	32	28	4.8189	.	1	.	4	.	0	.	10	.	2	.	1	1.03091656497494	0.362561017447306	0.516781195922378	7.68114574786861	5.65685424949238	2.19519930758007
89	1	59	32	28	4.8189	1	.	5	.	1	.	22	.	6	.	0	.	1.03091656497494	0.362561017447306	0.516781195922378	7.68114574786861	5.65685424949238	2.19519930758007
89	4	59	32	28	4.8189	1	1	4	5	1	1	20	24	4	2	0	1	1.03091656497494	0.362561017447306	0.516781195922378	7.68114574786861	5.65685424949238	2.19519930758007
89	3	59	32	28	4.8189	.	1	.	9	.	0	.	19	.	3	.	1	1.03091656497494	0.362561017447306	0.516781195922378	7.68114574786861	5.65685424949238	2.19519930758007
90	2	22	23	19	4.8223	1	1	5	5	0	0	19	13	1	3	1	0	-1.45445498913131	-0.937128053571428	0.528393263287369	4.69041575982343	4.79583152331272	2.19597358818361
90	6	22	23	19	4.8223	.	1	.	8	.	0	.	18	.	4	.	0	-1.45445498913131	-0.937128053571428	0.528393263287369	4.69041575982343	4.79583152331272	2.19597358818361
90	5	22	23	19	4.8223	1	2	5	4	0	0	15	10	1	4	0	1	-1.45445498913131	-0.937128053571428	0.528393263287369	4.69041575982343	4.79583152331272	2.19597358818361
90	1	22	23	19	4.8223	.	.	.	.	.	.	.	.	.	.	.	.	-1.45445498913131	-0.937128053571428	0.528393263287369	4.69041575982343	4.79583152331272	2.19597358818361
90	4	22	23	19	4.8223	2	1	8	4	0	0	24	10	1	5	1	2	-1.45445498913131	-0.937128053571428	0.528393263287369	4.69041575982343	4.79583152331272	2.19597358818361
90	3	22	23	19	4.8223	2	1	4	4	0	0	13	13	3	0	1	0	-1.45445498913131	-0.937128053571428	0.528393263287369	4.69041575982343	4.79583152331272	2.19597358818361
91	2	38	26	22	4.4687	1	1	5	4	1	1	14	13	5	5	0	0	-0.37969972249077	-0.50389836323185	-0.679261742671685	6.16441400296898	5.09901951359278	2.11392998937997
91	6	38	26	22	4.4687	1	1	5	5	0	1	17	16	4	6	1	0	-0.37969972249077	-0.50389836323185	-0.679261742671685	6.16441400296898	5.09901951359278	2.11392998937997
91	5	38	26	22	4.4687	1	.	4	.	0	.	13	.	0	.	0	.	-0.37969972249077	-0.50389836323185	-0.679261742671685	6.16441400296898	5.09901951359278	2.11392998937997
91	1	38	26	22	4.4687	.	1	.	3	.	1	.	15	.	5	.	0	-0.37969972249077	-0.50389836323185	-0.679261742671685	6.16441400296898	5.09901951359278	2.11392998937997
91	4	38	26	22	4.4687	1	1	3	8	0	1	5	15	2	5	0	0	-0.37969972249077	-0.50389836323185	-0.679261742671685	6.16441400296898	5.09901951359278	2.11392998937997
91	3	38	26	22	4.4687	1	1	5	3	1	1	16	15	3	4	0	0	-0.37969972249077	-0.50389836323185	-0.679261742671685	6.16441400296898	5.09901951359278	2.11392998937997
92	2	42	22	18	4.925	1	1	5	4	1	1	16	23	4	6	2	1	-0.111010905830635	-1.08153795035129	0.87914600398871	6.48074069840786	4.69041575982343	2.21923410211721
92	6	42	22	18	4.925	1	1	8	9	1	0	21	21	8	9	1	1	-0.111010905830635	-1.08153795035129	0.87914600398871	6.48074069840786	4.69041575982343	2.21923410211721
92	5	42	22	18	4.925	1	1	3	8	2	0	14	17	5	6	0	1	-0.111010905830635	-1.08153795035129	0.87914600398871	6.48074069840786	4.69041575982343	2.21923410211721
92	1	42	22	18	4.925	2	1	1	8	0	0	12	20	1	0	1	0	-0.111010905830635	-1.08153795035129	0.87914600398871	6.48074069840786	4.69041575982343	2.21923410211721
92	4	42	22	18	4.925	1	1	4	8	1	4	16	17	7	8	1	1	-0.111010905830635	-1.08153795035129	0.87914600398871	6.48074069840786	4.69041575982343	2.21923410211721
92	3	42	22	18	4.925	1	1	8	8	1	2	22	20	5	9	0	1	-0.111010905830635	-1.08153795035129	0.87914600398871	6.48074069840786	4.69041575982343	2.21923410211721
93	2	41	35	23	4.9856	2	1	5	4	1	0	18	22	7	8	1	5	-0.178183109995669	0.795790707786885	1.08611402820002	6.40312423743285	5.91607978309962	2.23284571791246
93	6	41	35	23	4.9856	1	1	5	5	0	0	20	19	8	17	1	1	-0.178183109995669	0.795790707786885	1.08611402820002	6.40312423743285	5.91607978309962	2.23284571791246
93	5	41	35	23	4.9856	1	2	4	4	0	0	14	16	11	11	2	3	-0.178183109995669	0.795790707786885	1.08611402820002	6.40312423743285	5.91607978309962	2.23284571791246
93	1	41	35	23	4.9856	1	1	4	4	0	0	15	13	7	8	2	1	-0.178183109995669	0.795790707786885	1.08611402820002	6.40312423743285	5.91607978309962	2.23284571791246
93	4	41	35	23	4.9856	1	1	4	3	0	1	18	19	4	13	4	3	-0.178183109995669	0.795790707786885	1.08611402820002	6.40312423743285	5.91607978309962	2.23284571791246
93	3	41	35	23	4.9856	1	1	5	8	0	0	18	20	7	8	3	1	-0.178183109995669	0.795790707786885	1.08611402820002	6.40312423743285	5.91607978309962	2.23284571791246
94	2	27	18	14	4.5469	1	1	5	9	1	2	18	20	7	17	0	9	-1.11859396830614	-1.65917753747072	-0.412184193276895	5.19615242270663	4.24264068711929	2.13234612574976
94	6	27	18	14	4.5469	2	2	5	1	0	0	12	6	11	5	2	3	-1.11859396830614	-1.65917753747072	-0.412184193276895	5.19615242270663	4.24264068711929	2.13234612574976
94	5	27	18	14	4.5469	1	1	1	9	1	1	16	24	4	12	1	4	-1.11859396830614	-1.65917753747072	-0.412184193276895	5.19615242270663	4.24264068711929	2.13234612574976
94	1	27	18	14	4.5469	2	.	2	.	0	.	13	.	5	.	2	.	-1.11859396830614	-1.65917753747072	-0.412184193276895	5.19615242270663	4.24264068711929	2.13234612574976
94	4	27	18	14	4.5469	1	1	3	9	0	2	11	18	4	11	0	2	-1.11859396830614	-1.65917753747072	-0.412184193276895	5.19615242270663	4.24264068711929	2.13234612574976
94	3	27	18	14	4.5469	1	1	4	9	1	3	18	20	10	17	0	2	-1.11859396830614	-1.65917753747072	-0.412184193276895	5.19615242270663	4.24264068711929	2.13234612574976
95	2	41	30	22	4.6531	1	1	2	3	0	1	15	12	13	12	6	3	-0.178183109995669	0.0737412238875877	-0.0494778538174722	6.40312423743285	5.47722557505166	2.15710454081391
95	6	41	30	22	4.6531	2	1	2	2	0	.	9	10	8	0	1	0	-0.178183109995669	0.0737412238875877	-0.0494778538174722	6.40312423743285	5.47722557505166	2.15710454081391
95	5	41	30	22	4.6531	.	1	.	4	.	3	.	15	.	15	.	0	-0.178183109995669	0.0737412238875877	-0.0494778538174722	6.40312423743285	5.47722557505166	2.15710454081391
95	1	41	30	22	4.6531	1	.	3	.	1	.	17	.	9	.	1	.	-0.178183109995669	0.0737412238875877	-0.0494778538174722	6.40312423743285	5.47722557505166	2.15710454081391
95	4	41	30	22	4.6531	2	1	2	3	1	2	11	15	7	16	1	0	-0.178183109995669	0.0737412238875877	-0.0494778538174722	6.40312423743285	5.47722557505166	2.15710454081391
95	3	41	30	22	4.6531	1	2	8	2	0	0	17	11	13	5	0	0	-0.178183109995669	0.0737412238875877	-0.0494778538174722	6.40312423743285	5.47722557505166	2.15710454081391
96	2	33	35	27	.	1	1	8	9	4	1	23	25	13	8	4	11	-0.715560743315939	0.795790707786885	.	5.74456264653803	5.91607978309962	.
96	6	33	35	27	.	.	.	.	.	.	.	.	.	.	.	.	.	-0.715560743315939	0.795790707786885	.	5.74456264653803	5.91607978309962	.
96	5	33	35	27	.	1	1	8	8	0	0	25	22	9	15	1	1	-0.715560743315939	0.795790707786885	.	5.74456264653803	5.91607978309962	.
96	1	33	35	27	.	1	1	8	8	0	2	20	21	5	9	4	1	-0.715560743315939	0.795790707786885	.	5.74456264653803	5.91607978309962	.
96	4	33	35	27	.	1	.	5	.	1	.	16	.	4	.	7	.	-0.715560743315939	0.795790707786885	.	5.74456264653803	5.91607978309962	.
96	3	33	35	27	.	1	1	8	8	1	0	25	23	8	8	2	4	-0.715560743315939	0.795790707786885	.	5.74456264653803	5.91607978309962	.
1	2	28	22	18	.	1	2	5	4	2	0	20	19	25	5	7	3	-1.05142176414111	-1.08153795035129	.	5.29150262212918	4.69041575982343	.
1	6	28	22	18	.	1	1	9	9	0	1	25	25	32	17	5	4	-1.05142176414111	-1.08153795035129	.	5.29150262212918	4.69041575982343	.
1	5	28	22	18	.	2	1	8	5	0	0	25	22	8	13	1	1	-1.05142176414111	-1.08153795035129	.	5.29150262212918	4.69041575982343	.
1	1	28	22	18	.	2	.	5	.	1	.	17	.	12	.	3	.	-1.05142176414111	-1.08153795035129	.	5.29150262212918	4.69041575982343	.
1	4	28	22	18	.	2	1	5	4	0	2	23	24	7	8	9	5	-1.05142176414111	-1.08153795035129	.	5.29150262212918	4.69041575982343	.
1	3	28	22	18	.	1	1	8	5	2	0	25	20	7	11	1	1	-1.05142176414111	-1.08153795035129	.	5.29150262212918	4.69041575982343	.
2	2	52	27	23	.	2	2	8	8	1	2	19	25	6	3	1	3	0.560711135819703	-0.35948846645199	.	7.21110255092798	5.19615242270663	.
2	6	52	27	23	.	.	2	.	5	.	3	.	17	.	8	.	2	0.560711135819703	-0.35948846645199	.	7.21110255092798	5.19615242270663	.
2	5	52	27	23	.	1	2	9	5	1	1	23	22	9	6	1	1	0.560711135819703	-0.35948846645199	.	7.21110255092798	5.19615242270663	.
2	1	52	27	23	.	1	1	5	8	1	4	24	19	3	15	4	7	0.560711135819703	-0.35948846645199	.	7.21110255092798	5.19615242270663	.
2	4	52	27	23	.	1	1	9	9	1	1	18	25	3	8	2	2	0.560711135819703	-0.35948846645199	.	7.21110255092798	5.19615242270663	.
2	3	52	27	23	.	1	2	3	4	1	0	15	18	2	8	1	4	0.560711135819703	-0.35948846645199	.	7.21110255092798	5.19615242270663	.
3	2	27	24	20	.	1	1	8	5	1	1	25	22	4	7	9	5	-1.11859396830614	-0.792718156791568	.	5.19615242270663	4.89897948556636	.
3	6	27	24	20	.	1	1	5	4	0	0	15	13	7	20	5	5	-1.11859396830614	-0.792718156791568	.	5.19615242270663	4.89897948556636	.
3	5	27	24	20	.	1	1	4	5	2	0	13	15	16	7	3	4	-1.11859396830614	-0.792718156791568	.	5.19615242270663	4.89897948556636	.
3	1	27	24	20	.	.	1	.	8	.	3	.	20	.	14	.	3	-1.11859396830614	-0.792718156791568	.	5.19615242270663	4.89897948556636	.
3	4	27	24	20	.	1	1	5	3	0	0	19	13	9	3	11	8	-1.11859396830614	-0.792718156791568	.	5.19615242270663	4.89897948556636	.
3	3	27	24	20	.	1	1	4	8	0	0	20	19	5	6	11	4	-1.11859396830614	-0.792718156791568	.	5.19615242270663	4.89897948556636	.
4	2	47	39	26	.	2	1	5	8	0	1	22	20	4	9	0	0	0.224850114994534	1.37343029490632	.	6.85565460040104	6.2449979983984	.
4	6	47	39	26	.	1	1	8	5	0	3	25	21	3	14	1	1	0.224850114994534	1.37343029490632	.	6.85565460040104	6.2449979983984	.
4	5	47	39	26	.	1	1	8	5	2	1	21	22	7	6	3	4	0.224850114994534	1.37343029490632	.	6.85565460040104	6.2449979983984	.
4	1	47	39	26	.	1	2	5	3	1	1	18	7	4	3	3	0	0.224850114994534	1.37343029490632	.	6.85565460040104	6.2449979983984	.
4	4	47	39	26	.	1	1	9	8	0	1	20	20	7	6	2	6	0.224850114994534	1.37343029490632	.	6.85565460040104	6.2449979983984	.
4	3	47	39	26	.	.	2	.	3	.	1	.	17	.	5	.	1	0.224850114994534	1.37343029490632	.	6.85565460040104	6.2449979983984	.
5	2	57	30	26	.	1	1	5	5	0	4	19	16	1	9	3	5	0.896572156644872	0.0737412238875877	.	7.54983443527075	5.47722557505166	.
5	6	57	30	26	.	1	1	5	5	1	2	19	16	13	15	1	3	0.896572156644872	0.0737412238875877	.	7.54983443527075	5.47722557505166	.
5	5	57	30	26	.	1	1	5	5	2	1	16	16	10	8	1	1	0.896572156644872	0.0737412238875877	.	7.54983443527075	5.47722557505166	.
5	1	57	30	26	.	1	2	5	5	0	1	17	19	11	6	1	0	0.896572156644872	0.0737412238875877	.	7.54983443527075	5.47722557505166	.
5	4	57	30	26	.	2	1	5	5	2	1	14	21	7	12	0	4	0.896572156644872	0.0737412238875877	.	7.54983443527075	5.47722557505166	.
5	3	57	30	26	.	2	1	5	5	1	1	21	16	3	7	3	2	0.896572156644872	0.0737412238875877	.	7.54983443527075	5.47722557505166	.
6	2	72	29	25	.	1	1	5	3	0	0	13	13	1	7	1	2	1.90415521912038	-0.0706686728922716	.	8.48528137423857	5.3851648071345	.
6	6	72	29	25	.	1	1	5	1	0	0	21	6	4	8	0	0	1.90415521912038	-0.0706686728922716	.	8.48528137423857	5.3851648071345	.
6	5	72	29	25	.	2	.	2	.	0	.	13	.	5	.	1	.	1.90415521912038	-0.0706686728922716	.	8.48528137423857	5.3851648071345	.
6	1	72	29	25	.	1	1	2	4	0	1	6	17	4	8	2	2	1.90415521912038	-0.0706686728922716	.	8.48528137423857	5.3851648071345	.
6	4	72	29	25	.	2	1	1	2	1	0	6	8	4	8	0	2	1.90415521912038	-0.0706686728922716	.	8.48528137423857	5.3851648071345	.
6	3	72	29	25	.	.	1	.	3	.	0	.	18	.	5	.	2	1.90415521912038	-0.0706686728922716	.	8.48528137423857	5.3851648071345	.
7	2	20	26	22	.	1	1	4	5	0	0	16	11	10	5	1	3	-1.58879939746138	-0.50389836323185	.	4.47213595499958	5.09901951359278	.
7	6	20	26	22	.	2	.	5	.	0	.	12	.	4	.	2	.	-1.58879939746138	-0.50389836323185	.	4.47213595499958	5.09901951359278	.
7	5	20	26	22	.	1	1	5	4	0	0	15	12	3	8	1	0	-1.58879939746138	-0.50389836323185	.	4.47213595499958	5.09901951359278	.
7	1	20	26	22	.	.	.	.	.	.	.	.	.	.	.	.	.	-1.58879939746138	-0.50389836323185	.	4.47213595499958	5.09901951359278	.
7	4	20	26	22	.	1	1	5	5	0	0	14	19	5	4	2	2	-1.58879939746138	-0.50389836323185	.	4.47213595499958	5.09901951359278	.
7	3	20	26	22	.	1	.	5	.	0	.	15	.	4	.	0	.	-1.58879939746138	-0.50389836323185	.	4.47213595499958	5.09901951359278	.
8	2	47	21	17	.	1	1	5	5	2	0	12	11	10	5	0	0	0.224850114994534	-1.22594784713115	.	6.85565460040104	4.58257569495584	.
8	6	47	21	17	.	.	1	.	3	.	0	.	6	.	4	.	1	0.224850114994534	-1.22594784713115	.	6.85565460040104	4.58257569495584	.
8	5	47	21	17	.	1	1	5	3	2	0	10	8	11	4	1	0	0.224850114994534	-1.22594784713115	.	6.85565460040104	4.58257569495584	.
8	1	47	21	17	.	2	1	4	5	0	2	10	10	3	7	2	0	0.224850114994534	-1.22594784713115	.	6.85565460040104	4.58257569495584	.
8	4	47	21	17	.	.	1	.	5	.	1	.	13	.	7	.	0	0.224850114994534	-1.22594784713115	.	6.85565460040104	4.58257569495584	.
8	3	47	21	17	.	1	1	5	5	1	1	18	14	3	8	1	0	0.224850114994534	-1.22594784713115	.	6.85565460040104	4.58257569495584	.
9	2	40	40	28	.	1	1	4	5	0	1	17	23	9	2	3	0	-0.245355314160703	1.51784019168618	.	6.32455532033676	6.32455532033676	.
9	6	40	40	28	.	1	1	4	5	0	1	15	20	4	7	3	1	-0.245355314160703	1.51784019168618	.	6.32455532033676	6.32455532033676	.
9	5	40	40	28	.	.	1	.	9	.	1	.	25	.	10	.	3	-0.245355314160703	1.51784019168618	.	6.32455532033676	6.32455532033676	.
9	1	40	40	28	.	1	1	5	5	0	3	23	15	5	5	3	0	-0.245355314160703	1.51784019168618	.	6.32455532033676	6.32455532033676	.
9	4	40	40	28	.	1	1	5	4	1	2	18	14	4	9	1	2	-0.245355314160703	1.51784019168618	.	6.32455532033676	6.32455532033676	.
9	3	40	40	28	.	1	1	4	4	1	0	15	19	2	6	1	2	-0.245355314160703	1.51784019168618	.	6.32455532033676	6.32455532033676	.
